2000	2
0	1.755767	-0.700130
1	1.017158	1.014561
2	-0.301862	0.019245
3	-0.784590	0.026948
4	1.022331	-0.457638
5	-1.460325	0.914954
6	1.039476	2.133827
7	-0.563521	0.464289
8	-0.959167	1.155680
9	0.617342	-1.226720
10	0.190487	-0.881500
11	-0.463220	-0.624109
12	0.422999	0.342179
13	1.093305	-0.791438
14	0.821043	-0.184449
15	-0.500757	0.203798
16	-1.097400	0.027499
17	-1.491030	-1.288908
18	0.994112	2.008706
19	1.000380	0.281965
20	0.170002	1.454431
21	0.748284	-0.321619
22	-0.909203	1.338619
23	-1.001878	0.013345
24	0.760538	-0.204848
25	-0.902993	1.172849
26	-1.283533	-2.670539
27	-1.124236	-0.451373
28	0.975482	-0.939752
29	-0.403748	-0.341073
30	1.866090	0.439435
31	1.374524	0.137566
32	0.067428	1.109341
33	-0.642390	0.060246
34	0.843800	0.945843
35	0.245986	-0.045730
36	-1.432601	-0.726975
37	-1.094112	-1.010017
38	1.416398	-0.165364
39	-0.710936	-1.107450
40	-0.194108	-0.587052
41	1.740737	0.500129
42	0.005515	0.098921
43	0.145267	0.870775
44	0.448248	-0.165364
45	-0.953843	-0.397997
46	1.118413	-0.698884
47	0.970366	-0.727036
48	-0.025312	0.203271
49	0.263002	0.876679
50	0.398095	1.797721
51	-1.179862	1.461572
52	0.394357	0.838084
53	-0.537822	1.037512
54	-1.448562	-0.119394
55	0.128028	-0.541424
56	-1.347784	-0.387540
57	0.736597	1.347258
58	-0.010858	-0.113987
59	-1.104923	1.295925
60	1.646622	-1.473815
61	-1.872830	-0.777397
62	-1.708702	-1.771969
63	-0.429040	-1.114459
64	0.738880	-0.847599
65	-1.078900	-0.433332
66	0.976730	-0.812075
67	0.114563	-1.341369
68	-1.632593	1.462167
69	-0.648253	-0.891638
70	-0.462222	0.139659
71	1.803203	-0.457973
72	-0.126186	0.507715
73	-1.500409	1.111032
74	1.449779	-0.691076
75	-0.216630	-1.341120
76	-0.196142	0.179224
77	-1.254078	-1.576141
78	-0.501202	0.665459
79	0.845951	1.384721
80	0.847128	-1.281180
81	-2.275602	0.710125
82	1.010699	0.724937
83	0.534563	-0.140747
84	-0.220154	0.006127
85	-0.166999	1.377797
86	0.883945	-0.446546
87	0.534968	2.159795
88	-0.661278	0.527114
89	0.655250	-1.496835
90	-0.230729	-1.877870
91	0.612391	1.053091
92	-0.765389	0.715228
93	-0.780139	0.652284
94	-0.149204	1.070671
95	-2.258945	-0.897203
96	-1.102921	-0.152652
97	0.360763	0.477031
98	0.396608	0.004382
99	-0.476678	0.308393
100	-0.387460	-0.246319
101	0.318208	-0.025910
102	1.680779	-0.133003
103	-0.087082	0.610406
104	-2.109976	1.571974
105	-0.322154	0.055942
106	0.050829	-1.049091
107	0.802895	0.109829
108	1.643268	0.004883
109	-0.836678	-1.795281
110	1.489967	-0.597587
111	-1.149069	1.094102
112	0.908688	-0.931300
113	1.031847	-2.031382
114	1.104526	-0.435407
115	0.430671	-1.748049
116	-0.145737	-0.958391
117	-0.700946	0.463573
118	0.759448	-1.264678
119	0.183966	-1.802981
120	-1.765031	0.879588
121	-0.298631	1.035905
122	2.340308	-1.627686
123	1.799451	-1.001261
124	-0.500882	-0.294943
125	1.062209	-0.095185
126	0.207960	-1.024015
127	-0.567909	-1.350967
128	-1.751791	0.349292
129	-0.005762	-2.116086
130	-1.833138	-0.350661
131	-1.303699	0.117945
132	-0.799924	0.071669
133	0.813165	-0.527065
134	-1.758444	-1.957351
135	-0.368242	1.116368
136	0.696845	0.035914
137	-0.250355	0.323454
138	0.149148	-0.821519
139	1.200312	0.188844
140	1.741420	-0.814892
141	-0.864334	-0.107889
142	0.057152	-1.085352
143	1.148876	-0.058656
144	-0.249447	-0.999528
145	0.368045	2.113451
146	0.404635	-0.602656
147	-0.653963	-0.177290
148	0.838627	-0.783637
149	-2.222263	-0.856991
150	-1.085239	0.864235
151	1.296319	1.356735
152	-0.115170	-1.246284
153	1.404920	0.592932
154	0.770792	1.450474
155	1.055425	1.071683
156	-0.826220	-1.357313
157	-1.480002	0.319571
158	0.889847	-0.460707
159	0.340486	-0.562215
160	0.894406	0.019037
161	-0.529911	-0.111379
162	-1.701878	-0.730242
163	0.971223	0.349034
164	-2.430447	-1.065728
165	-1.308281	0.296130
166	-0.117496	-2.254975
167	-1.946335	-0.761465
168	-0.421401	0.455988
169	-1.470130	-1.016911
170	-1.394016	-0.375187
171	-1.515858	1.816808
172	0.542825	-1.205460
173	-1.101579	-0.447328
174	-0.277835	-1.325835
175	0.349427	-0.224587
176	-3.167834	0.264343
177	0.467336	-0.588902
178	-1.585600	-0.875751
179	-0.928729	0.664559
180	1.124081	-0.615140
181	0.231247	-0.433293
182	0.296942	1.193483
183	-1.210240	0.185529
184	-0.006748	0.012705
185	-0.215091	-0.334599
186	-0.319088	-1.476948
187	1.191978	1.035789
188	-0.997436	0.050089
189	0.242606	1.582688
190	2.538464	-0.821004
191	-1.502467	-1.610465
192	-0.906259	-0.227638
193	-0.570739	-1.341504
194	0.554625	0.477388
195	-1.818249	-0.440477
196	-1.552579	-1.385400
197	-1.447965	-1.404090
198	0.345546	-2.067653
199	0.750550	0.254104
200	0.178711	-0.716026
201	-1.454921	0.989668
202	-0.931520	-0.316638
203	-0.353103	-0.131538
204	-1.329482	2.358023
205	2.045266	0.144983
206	-1.121147	1.777148
207	-0.164487	-0.765439
208	1.914076	-0.227522
209	-2.206041	-1.020244
210	0.517134	-2.021144
211	0.735257	0.301464
212	-0.646110	0.149711
213	-0.205206	-0.323341
214	0.116376	0.251747
215	0.953723	0.055140
216	-0.365337	0.019262
217	1.419309	0.382981
218	0.339577	0.579227
219	-0.095034	0.051360
220	1.107485	0.406839
221	0.061080	-1.026943
222	1.902676	1.131115
223	-0.185004	0.110998
224	-0.187417	-0.188933
225	-1.008146	0.113084
226	-0.980056	1.934620
227	-0.972824	0.426092
228	-0.638579	-0.665958
229	1.941036	-1.856683
230	-1.119756	-1.776171
231	2.923439	-1.166485
232	-2.206992	-0.474612
233	0.160535	1.178764
234	0.105321	0.216750
235	-1.597181	0.456797
236	0.590702	0.104532
237	1.718866	0.467125
238	0.482338	-2.294776
239	-0.890339	0.955002
240	-1.143720	0.889862
241	-0.262361	-0.501349
242	0.077597	0.531011
243	-0.220227	-0.209719
244	1.965332	-1.268679
245	0.715272	-0.232550
246	0.343668	1.188640
247	-0.326462	-1.129939
248	-0.481323	1.294400
249	-0.392898	0.334972
250	-0.297988	-0.998249
251	-0.791844	0.489615
252	-1.428356	-1.002915
253	1.941794	-0.860629
254	1.231179	0.214380
255	-0.757833	0.988501
256	-1.787931	-0.696280
257	-0.082023	-0.764904
258	1.241204	-0.234681
259	0.628929	0.378211
260	0.431953	2.335742
261	-0.570704	0.441030
262	1.137774	-1.362085
263	0.433764	0.333497
264	1.251762	-1.470019
265	-0.338785	0.542142
266	-0.877446	-0.053653
267	-0.627441	-0.169482
268	-1.130817	-0.537787
269	-0.214076	-0.125963
270	0.404859	-0.053579
271	1.338908	0.540064
272	-1.923306	1.224146
273	-0.462751	-1.408443
274	1.106134	-0.467744
275	0.843243	-0.741665
276	0.493256	-0.658625
277	0.698305	0.546795
278	-1.034506	-0.526323
279	0.147395	-0.848510
280	-0.119113	-1.370085
281	0.583731	-1.494403
282	-1.575661	-1.400771
283	0.973343	-1.960267
284	-0.560427	-0.785179
285	0.384433	-1.266671
286	-0.270516	1.071344
287	-1.026229	-1.396551
288	-1.365874	-0.559505
289	0.644032	0.067229
290	-1.136422	1.367050
291	0.895882	-2.902142
292	-0.337997	1.260068
293	0.629171	2.641309
294	-2.418145	-0.618312
295	1.361723	-0.348204
296	1.739408	0.294408
297	-0.922117	-0.745504
298	0.083918	0.931480
299	0.250003	2.153903
300	-0.484142	-0.137982
301	0.301879	-0.767435
302	1.249869	-2.260071
303	-0.419769	0.333482
304	-0.828923	-0.525826
305	-0.787009	0.198969
306	-1.511042	-0.810011
307	-0.852994	1.466803
308	-0.149472	-0.105397
309	0.246753	-0.016625
310	-0.935981	-1.554396
311	1.270397	-0.192007
312	-0.922429	-0.233567
313	-0.022306	-1.392612
314	0.117726	0.306325
315	0.078877	0.672010
316	0.140793	1.467770
317	0.207822	-0.762049
318	-0.282371	1.877609
319	-1.051282	-0.247265
320	1.583379	-1.228828
321	-0.867658	-2.863884
322	-0.659846	-0.063888
323	1.109284	2.497691
324	0.631347	-0.669313
325	-1.111403	0.140952
326	1.583609	-0.610929
327	0.183043	-0.946785
328	0.979238	-1.242153
329	-0.621934	0.831794
330	-0.736707	-0.398461
331	1.112856	0.125526
332	0.645328	-0.682719
333	-0.473947	-1.522156
334	0.693509	-1.110481
335	-0.826406	0.917917
336	-0.407956	-0.028451
337	-0.500196	0.670632
338	1.225942	0.078697
339	0.191470	-0.348626
340	-0.962626	-0.392873
341	-0.183402	0.128646
342	-1.081749	0.274930
343	-0.888761	-0.747880
344	0.103532	0.582900
345	-0.523090	-2.132160
346	0.420134	0.119379
347	-0.719327	0.400904
348	-1.334745	-0.349141
349	-0.679588	-0.591647
350	0.059957	0.640188
351	-0.428853	-0.256414
352	0.668943	-2.546731
353	0.548779	-0.817745
354	0.626871	0.030344
355	1.742440	-1.195744
356	0.930629	-1.240644
357	0.179003	-0.714669
358	0.528636	1.207925
359	-0.276660	-0.898892
360	-0.558288	0.370683
361	-0.802498	0.690597
362	-0.856732	0.232698
363	2.367284	1.369353
364	1.339031	-1.177676
365	-0.107160	-0.384965
366	-0.149203	1.687422
367	-1.277786	2.448282
368	-0.466962	1.580468
369	-0.847580	-0.387426
370	-0.502002	0.501202
371	0.682594	0.614096
372	0.671503	-0.882058
373	-0.088411	0.742896
374	2.063514	0.937558
375	0.267466	-0.395521
376	1.366142	1.118218
377	-0.185355	0.030905
378	-0.606136	0.638673
379	-1.522952	0.301390
380	0.574210	-1.730219
381	0.667137	0.111780
382	-0.240173	0.053240
383	0.515783	1.016557
384	-0.173907	-0.623976
385	0.758014	1.587671
386	-1.500870	0.337691
387	0.130569	-2.828576
388	-0.558922	1.563377
389	0.748960	0.016092
390	1.692433	-1.018734
391	-0.040726	0.937777
392	0.833148	-2.641704
393	-0.521621	-1.413785
394	-0.416578	0.701475
395	0.116975	0.324221
396	0.567983	-0.769298
397	-0.777840	-0.802299
398	-0.334403	0.230634
399	1.362267	1.046294
400	2.175878	-1.500630
401	1.069120	0.282066
402	-1.222608	-0.746132
403	-0.436069	1.659183
404	0.651246	0.300225
405	-1.306494	-0.582973
406	-0.524162	0.471017
407	0.497727	0.737974
408	0.673327	-1.602602
409	0.814612	-0.506242
410	0.868580	-1.287386
411	0.003283	0.863107
412	0.470349	-2.217103
413	-0.205248	2.434021
414	-0.712974	0.754302
415	-0.315545	0.583245
416	0.551511	-1.555020
417	-1.664343	-1.234816
418	-0.015873	-0.798115
419	-1.454306	-1.483349
420	0.882316	-0.760891
421	0.230156	-1.550450
422	-0.322053	-0.773284
423	-1.273747	0.181153
424	-0.510795	0.058012
425	1.547854	0.970250
426	-1.516755	1.831125
427	0.404471	2.148998
428	0.000754	-2.129093
429	0.061982	0.857331
430	-1.314483	0.968718
431	-0.978078	0.710339
432	2.196033	0.596756
433	-0.437198	0.252198
434	0.100095	-1.394551
435	0.960074	0.758635
436	-0.335625	-1.457058
437	0.788557	-1.072946
438	-1.756066	-0.483152
439	-2.243643	-0.960667
440	0.542974	-0.530785
441	0.604881	-1.304539
442	0.465990	-0.601292
443	-0.973890	-0.409989
444	0.819715	-1.779036
445	0.130660	0.259945
446	-0.622140	2.199242
447	-1.533326	-0.022142
448	1.135045	0.483338
449	-0.322899	1.740950
450	0.856965	1.211978
451	1.813573	0.157263
452	1.059212	-0.892654
453	-0.014014	1.522694
454	0.799695	-0.501229
455	0.207223	-0.368836
456	0.208507	0.675914
457	-0.280643	-0.538771
458	1.209218	-0.231287
459	-0.439427	2.767853
460	-1.101858	-1.128848
461	0.300727	-0.811124
462	-0.261380	-1.158444
463	-0.995846	0.394579
464	0.716380	-0.712688
465	-0.021964	-0.131224
466	-0.388042	-1.951959
467	1.810129	-0.372501
468	0.681376	-0.428165
469	0.806237	0.167522
470	-0.506293	-0.463069
471	1.095500	1.403696
472	0.656932	0.485075
473	-1.422869	-0.904233
474	-1.083505	-0.496412
475	-0.425043	-1.314627
476	-0.031308	-0.959033
477	-1.208714	-0.641164
478	1.488312	-0.408890
479	-0.029807	-0.424658
480	-1.125417	-0.698841
481	0.967958	1.057138
482	0.436856	1.545000
483	-0.302215	-0.722376
484	0.319123	-0.767273
485	-0.593888	0.002213
486	0.743618	-0.144934
487	-1.081434	-0.669807
488	0.591919	-1.756167
489	-0.099657	-0.981712
490	1.007123	0.751191
491	-0.878068	0.776076
492	-0.278068	0.085093
493	1.354584	-0.590979
494	0.766481	0.018791
495	0.188195	1.462821
496	0.158861	1.081771
497	-0.548262	-0.998047
498	0.105259	-1.013191
499	0.029058	0.858511
500	-0.230467	-1.560661
501	1.506326	-0.801712
502	-0.217586	0.229794
503	-0.561824	0.588571
504	1.223653	-1.347632
505	0.479848	0.097084
506	0.523394	0.604041
507	-1.862663	0.840493
508	-0.066327	-0.013357
509	-0.671816	1.930131
510	-0.639144	-0.712271
511	0.429766	0.435824
512	-0.663234	-0.474157
513	-1.902084	-0.845122
514	-1.198682	-0.058893
515	-0.401111	0.304062
516	-0.589515	-0.138097
517	1.425958	0.251196
518	-0.488393	-0.427267
519	0.191677	1.823419
520	-0.033875	0.185706
521	-0.079752	-1.155552
522	0.429418	0.178809
523	-0.222635	-0.445889
524	-1.498519	0.585919
525	-1.175375	-0.995589
526	-1.677136	-1.818105
527	1.489651	-0.784321
528	0.057833	0.795702
529	1.527782	-0.346600
530	0.436744	-0.410784
531	-2.296133	-0.145763
532	0.543188	-0.449851
533	0.781873	0.148624
534	0.232244	-0.707841
535	-1.552677	-0.400117
536	-1.019242	-0.699154
537	-0.624786	2.111748
538	-0.525557	2.621702
539	-0.196773	0.609007
540	-0.264902	-0.132091
541	-1.002000	0.444903
542	-1.677066	-1.129852
543	-0.429721	0.742039
544	3.799381	1.021986
545	-3.010941	-0.197017
546	-1.136548	1.387621
547	0.612016	-0.223224
548	1.058904	-0.548946
549	0.073611	-0.760564
550	-0.981123	0.197793
551	0.413198	-0.434535
552	-0.053790	-0.814722
553	0.591542	-0.810187
554	0.036765	-1.392875
555	0.931832	-1.096339
556	-0.118000	0.820976
557	-1.159421	0.382061
558	0.458048	-0.961029
559	0.020662	2.213614
560	0.221273	0.365208
561	0.795387	0.027624
562	2.224032	0.267757
563	0.877148	0.686119
564	-0.435617	-0.620606
565	0.728706	0.563379
566	-2.209062	1.634997
567	0.920904	2.249526
568	1.154250	0.957111
569	0.638070	0.155223
570	1.518427	0.330828
571	0.204389	0.159645
572	-0.085831	-0.420999
573	-0.670550	1.001841
574	0.413236	1.423196
575	-0.112404	-0.226769
576	1.743290	-0.643718
577	-2.023609	0.108700
578	0.473763	0.037897
579	-1.383288	0.788618
580	0.327650	0.926544
581	0.177416	2.168633
582	0.721895	-0.667427
583	-0.005627	-0.479456
584	1.343461	1.055171
585	0.611063	0.341835
586	-0.992334	-0.835370
587	-1.686578	-0.705856
588	-0.118219	-0.787171
589	-0.126018	1.438474
590	-0.678577	0.182298
591	-0.227595	0.036196
592	0.696753	0.304497
593	-1.086435	0.528317
594	-0.587279	-1.646341
595	0.222313	-0.720541
596	0.437707	0.095952
597	-0.245818	-0.220219
598	0.165903	-1.002332
599	0.528399	1.472093
600	-0.840498	-0.006422
601	0.556750	1.263614
602	1.784714	1.707267
603	-1.444360	0.232654
604	-0.466570	-0.187683
605	-1.487874	-1.184812
606	-0.402123	-1.425954
607	-0.515293	-0.983105
608	1.207958	0.830413
609	-1.697621	-1.594109
610	-1.391688	1.159896
611	-0.082745	0.183981
612	3.002589	1.357197
613	1.210925	1.265706
614	2.175483	0.679878
615	-0.315389	-0.455021
616	1.206990	0.029434
617	-0.622944	-1.783123
618	-1.161743	-0.203896
619	-1.035746	-0.167670
620	1.500876	1.608255
621	0.736740	-0.626808
622	-0.448980	0.270138
623	-0.144314	0.052644
624	-1.307268	-0.605101
625	0.458402	0.103749
626	-0.583506	-1.483175
627	0.797172	0.230015
628	0.639163	0.940563
629	-0.401330	-0.235997
630	1.224749	-2.256572
631	1.528372	0.660926
632	-0.807352	1.531802
633	-1.462113	0.526949
634	0.315326	-1.130758
635	0.969456	0.867055
636	1.005308	0.784237
637	-1.287855	-1.413165
638	0.493472	1.169471
639	0.347493	0.364616
640	0.040288	0.735726
641	0.269857	-1.469788
642	0.046680	1.255668
643	0.765212	-0.233166
644	-0.455460	-0.028346
645	-0.059053	0.004589
646	0.329939	0.789459
647	-0.334188	0.024905
648	1.286080	-1.027483
649	0.873942	-0.471546
650	0.670170	-1.489535
651	1.724529	-0.212400
652	0.117143	1.547566
653	-0.629221	0.691035
654	0.301032	0.646682
655	-2.111972	0.374977
656	-0.605335	-1.303340
657	1.063157	0.177618
658	1.671485	-0.501990
659	-0.846318	-1.217032
660	-1.821276	-0.010535
661	-0.488145	-0.942341
662	0.619097	0.656838
663	2.104352	-0.664113
664	1.251498	-0.079976
665	0.312884	0.003791
666	1.273805	-0.160325
667	0.276093	0.927252
668	0.334235	0.428837
669	-2.131750	0.482632
670	-1.459454	-1.886157
671	-0.157100	-1.340834
672	-0.682703	0.126771
673	0.428767	1.198463
674	-0.105486	0.525022
675	-2.243026	-1.663591
676	-1.128849	0.561376
677	0.671993	-0.004150
678	0.698634	-0.615183
679	-1.593930	0.411372
680	0.603422	0.459344
681	-0.407332	1.425040
682	-0.694994	-0.655591
683	-0.493038	-0.653319
684	0.849332	-0.700418
685	-1.429895	-0.543311
686	0.132887	0.091556
687	-0.484975	0.764376
688	0.325677	-1.452945
689	0.390552	0.581173
690	0.526096	-0.723783
691	0.369241	-0.532734
692	-0.649144	-0.692375
693	0.141470	-0.413873
694	0.417260	0.759552
695	-1.202110	-0.531948
696	-0.491235	2.188394
697	-0.782612	0.061605
698	-0.322704	0.978389
699	2.521102	-0.372150
700	-0.700235	-0.249676
701	1.094998	-0.337298
702	0.658440	0.297524
703	-2.042958	1.766381
704	0.211835	0.513625
705	0.254995	-0.257254
706	0.050931	-0.544629
707	0.325148	1.219122
708	-0.394229	1.983128
709	0.499136	0.876934
710	-1.012964	-0.649296
711	-0.880427	-0.175782
712	0.138042	0.289856
713	-1.107553	-0.078717
714	-0.607312	1.921791
715	0.505252	0.630553
716	1.623037	0.973961
717	1.284079	0.600475
718	-1.128774	0.931282
719	-0.692795	0.470404
720	1.011295	1.562948
721	-0.786498	0.045362
722	-0.249996	-0.265916
723	0.039951	-0.993529
724	0.360834	2.537654
725	0.089203	-0.867539
726	0.490133	-0.167406
727	1.655903	-0.142184
728	0.701578	0.454572
729	1.217019	-2.042064
730	-1.096659	-1.305190
731	-0.939558	-2.664883
732	-1.438262	0.108934
733	-0.623377	-0.052712
734	0.893236	1.455762
735	1.817332	-0.596791
736	0.402802	-0.110611
737	-0.445623	0.890704
738	0.143240	0.316513
739	1.196333	-0.477758
740	0.681694	-1.088113
741	-1.088491	0.203244
742	0.158343	-0.662875
743	0.819102	-0.742775
744	-0.050415	0.626149
745	0.201600	-0.360765
746	0.639544	-2.536641
747	-2.196732	0.552377
748	1.038517	0.429074
749	0.291224	-1.137189
750	-1.144952	1.397977
751	-0.255703	0.705905
752	0.796268	1.207128
753	-0.033177	0.731497
754	-0.521027	1.754948
755	-0.236246	0.468117
756	-0.883451	0.252833
757	0.139811	0.641236
758	0.854751	0.053417
759	0.447821	0.920151
760	-0.056217	-1.670910
761	-0.681322	0.045920
762	0.131559	-0.699512
763	1.719861	-1.156439
764	2.343459	-0.096039
765	2.148365	1.481098
766	2.593224	-0.543990
767	0.219164	-1.687070
768	0.796361	-0.192812
769	-2.003879	-0.227974
770	0.211703	1.567276
771	0.667778	-0.149093
772	-0.428048	0.696580
773	-0.592669	0.497710
774	-0.719464	-0.400349
775	-0.185467	0.787940
776	0.952379	-0.807369
777	-0.587447	-2.768284
778	2.367252	-1.386033
779	0.693546	-0.237797
780	1.327960	0.631364
781	-0.180135	0.040178
782	0.631864	-1.098698
783	0.669317	1.397679
784	0.073800	-0.296687
785	-1.723913	0.374645
786	0.219567	-0.164995
787	0.191232	0.710822
788	0.661632	-1.394884
789	-1.418886	-0.525964
790	0.053383	-2.638287
791	0.244322	-0.546934
792	1.206722	0.623433
793	-1.296039	-1.428190
794	-0.053777	-0.715061
795	-0.294395	-0.932805
796	-0.829526	-2.039902
797	2.122514	-1.096971
798	-0.584308	-0.364268
799	-0.563928	2.423575
800	0.901352	-0.575612
801	-0.040745	-0.031785
802	0.358444	-0.454627
803	-1.835867	0.164511
804	-0.812882	0.124827
805	-1.369902	1.241639
806	-1.532853	0.501193
807	-1.057916	-0.557438
808	1.155391	1.393347
809	2.590945	-0.809835
810	-0.167870	0.941879
811	-0.526758	-1.278696
812	2.680408	0.741674
813	-0.352152	-0.405751
814	1.004269	1.309578
815	0.400533	-0.071755
816	0.067514	0.499139
817	-2.620933	-0.067788
818	1.667606	0.752293
819	-0.236611	0.470746
820	-0.743528	0.230963
821	-1.368575	-1.303504
822	-0.455553	0.563339
823	-0.655676	0.945272
824	-0.818151	0.495711
825	-0.205513	-0.446659
826	-0.392207	0.673593
827	0.656097	0.179803
828	-0.994590	-0.167674
829	-1.656912	0.389785
830	0.097771	-2.132140
831	-1.465307	1.126722
832	1.365600	0.925001
833	-0.134690	1.034218
834	-0.497600	-1.359465
835	1.932115	0.042716
836	-1.350965	1.202926
837	0.216431	-0.435261
838	-0.313851	-0.394183
839	0.459568	0.426073
840	1.151641	-0.644657
841	0.323965	0.813693
842	-2.226270	1.338842
843	0.558276	0.163863
844	0.833390	-0.408161
845	-1.488654	0.119027
846	1.617575	0.845155
847	0.163326	0.328320
848	0.646489	0.446271
849	-0.844514	-1.531727
850	-0.293415	-0.783799
851	-0.117821	2.005825
852	-2.219297	0.161353
853	0.675374	-0.291060
854	-1.553991	-0.576794
855	-0.398020	1.123191
856	0.872596	0.812445
857	0.312368	-0.812650
858	0.959242	-0.746619
859	-0.349068	-0.805444
860	0.686420	0.143221
861	1.521551	-2.964431
862	-0.515136	-0.492161
863	2.964871	0.325048
864	-0.037724	1.431338
865	2.024567	2.036689
866	-0.530337	0.053373
867	2.829418	-0.854618
868	-0.172440	0.247153
869	1.329197	-0.384726
870	0.811255	1.482170
871	0.919828	0.573618
872	1.597549	-1.269173
873	0.323816	-0.158821
874	-1.356922	-0.591669
875	-0.044442	0.908627
876	-0.257751	-0.535942
877	0.583915	-0.472521
878	1.310641	0.357893
879	-0.557370	-0.693338
880	0.923536	0.742495
881	0.125337	0.856275
882	0.304941	-0.525819
883	-1.167865	-0.252242
884	1.352687	-0.633865
885	-1.005785	-0.002986
886	-0.594033	0.796645
887	-0.356268	-1.220628
888	-0.281216	-0.138773
889	0.139816	0.384621
890	1.580146	0.145038
891	0.403907	-1.188032
892	0.561645	-0.563500
893	2.026589	-0.062126
894	0.023140	2.006538
895	-1.183432	-0.958973
896	-0.631941	2.010632
897	0.384852	0.246766
898	0.339101	0.439865
899	1.737713	0.341662
900	-0.742069	1.442784
901	0.850430	-0.698618
902	1.629103	0.965450
903	1.252484	-1.327850
904	0.974623	-0.833978
905	-1.647865	-0.934414
906	-1.248208	-0.100523
907	-1.336223	-0.822443
908	0.031422	-1.645237
909	0.342014	-1.040019
910	-0.558293	0.185952
911	1.625523	-0.658133
912	-0.209263	0.384489
913	-1.657277	-0.000784
914	2.050599	0.326782
915	0.062454	1.139296
916	-0.672675	-0.324575
917	1.432261	-1.154494
918	-0.445066	-0.228656
919	0.152645	0.622669
920	-0.573788	-1.194411
921	0.283095	1.075874
922	-0.557834	-1.954022
923	1.578008	1.288863
924	-0.827646	2.032675
925	1.207207	-0.268740
926	0.029071	1.499590
927	0.686251	0.113358
928	1.200711	0.561114
929	0.091082	1.387062
930	-0.047216	-0.944519
931	-0.985958	0.720590
932	0.793786	-0.581040
933	-0.128270	1.839331
934	-1.491252	-1.399542
935	0.181222	0.626908
936	-0.383884	1.381130
937	0.432742	1.169951
938	0.020221	0.026457
939	0.246247	0.948552
940	-1.325537	-0.952094
941	-0.817200	0.959951
942	-0.729819	-0.424151
943	0.241608	-0.629170
944	-1.134740	-0.481441
945	0.030028	1.246730
946	0.487039	0.027003
947	-1.501133	0.773630
948	0.733251	2.076316
949	-0.473322	0.461282
950	0.017553	1.653740
951	0.515378	-0.193070
952	-1.664499	-1.172697
953	-0.222954	-1.519030
954	0.833991	-0.830935
955	0.426161	-0.443090
956	-0.532677	0.409734
957	-0.033562	0.125465
958	-0.535153	0.341257
959	1.355473	0.526136
960	0.238850	0.300249
961	-1.879484	1.898100
962	0.466076	-1.157404
963	0.886005	0.423364
964	-0.819430	-1.708567
965	-0.587263	0.719047
966	0.059317	-0.800390
967	0.958363	-0.010346
968	-0.940519	-0.533011
969	1.532083	0.560850
970	0.758402	2.213604
971	-0.791631	0.790220
972	-1.754407	-0.214042
973	0.845043	0.752392
974	0.460921	0.029197
975	0.771107	-0.457015
976	-1.644579	0.238377
977	0.502523	0.735085
978	-1.274977	0.246697
979	-1.367683	-0.888170
980	1.662315	-0.800611
981	-0.641121	-1.015904
982	-0.496175	-0.696076
983	0.375566	-0.421964
984	0.156891	-0.244990
985	0.481893	-0.448368
986	0.069794	0.084206
987	0.546035	-1.448486
988	-0.461590	-0.639432
989	0.159684	1.379495
990	-1.199271	-1.031730
991	-0.128078	0.524227
992	0.171338	1.043197
993	1.300364	0.755738
994	0.657243	-0.528191
995	0.861089	0.297874
996	1.533476	0.134328
997	1.202282	1.651482
998	-0.910685	0.565009
999	1.254534	0.266138
1000	0.854553	1.532645
1001	0.356769	-0.329646
1002	0.061949	0.630790
1003	0.514400	-0.259788
1004	0.762492	0.396391
1005	1.449128	-0.794464
1006	1.118975	0.442402
1007	0.390381	1.184917
1008	0.377354	-1.002971
1009	-0.653435	-1.255143
1010	-0.632343	0.985536
1011	-0.123699	-1.200791
1012	0.520414	1.035415
1013	0.052344	0.691519
1014	-1.544587	0.688782
1015	0.669387	-0.848297
1016	-0.873944	-0.663559
1017	1.079132	0.053109
1018	1.655942	0.230615
1019	0.723862	0.651297
1020	0.535748	-0.599669
1021	-1.408230	-0.205441
1022	-0.950691	0.368551
1023	-1.117031	1.425082
1024	0.284046	0.857406
1025	-0.533820	-1.062332
1026	-0.039886	-1.309406
1027	-0.885753	0.196095
1028	1.326148	0.691898
1029	-0.275590	-1.436730
1030	0.855299	0.747421
1031	0.553666	-0.361703
1032	0.734086	0.772852
1033	-1.680828	1.141426
1034	-1.091890	-0.696991
1035	-0.230532	0.404891
1036	1.118867	0.339672
1037	-1.363208	1.795869
1038	1.224083	-0.866107
1039	-1.843262	-0.104347
1040	1.401369	1.035207
1041	-0.640440	0.193657
1042	-0.802939	0.163707
1043	1.472814	0.296752
1044	-0.260502	0.746102
1045	1.439910	-0.036584
1046	-0.285656	-0.294091
1047	-0.941941	-0.167602
1048	1.019242	0.363789
1049	-0.149343	0.050211
1050	-0.117042	1.218989
1051	0.841516	0.525460
1052	1.539879	1.873493
1053	-0.395377	0.633284
1054	1.036700	-1.207737
1055	1.934555	1.019946
1056	-1.336706	0.577810
1057	0.665802	-0.413212
1058	1.490889	0.973964
1059	1.171046	0.945871
1060	-1.105841	0.358959
1061	0.985055	0.565909
1062	-0.927514	-1.461644
1063	2.054832	0.875511
1064	1.340863	-1.952780
1065	0.558574	-0.455426
1066	-0.847059	0.580055
1067	0.208062	1.138057
1068	0.837266	0.948181
1069	0.132744	-1.092043
1070	-0.322109	-1.366217
1071	1.262821	-0.761699
1072	-1.241358	0.159297
1073	-0.724845	2.000765
1074	1.085033	-1.457465
1075	-1.360703	1.590895
1076	-1.534344	-0.840952
1077	2.175817	-0.942320
1078	-1.351724	0.051470
1079	0.998276	-0.526208
1080	-0.373535	0.017880
1081	-0.920042	-2.250415
1082	-0.225951	-1.215200
1083	0.807697	-0.151791
1084	0.466719	-0.491930
1085	0.578385	-1.968440
1086	0.696123	-1.107258
1087	0.064875	0.629584
1088	0.967352	-0.672700
1089	0.307208	0.028456
1090	-0.614608	0.627136
1091	-0.011104	-1.043352
1092	-0.217457	-1.224370
1093	-1.610739	-1.878671
1094	2.145251	-0.161153
1095	-1.059714	0.491013
1096	0.798614	0.265924
1097	2.666094	-0.340877
1098	-0.160971	-1.203515
1099	-0.718428	-0.431030
1100	-1.377186	0.041359
1101	-0.365367	-0.041880
1102	0.896461	0.268843
1103	-1.515967	0.628478
1104	-0.893620	-0.488572
1105	0.355210	-0.268402
1106	1.513845	0.541313
1107	-0.662257	0.415205
1108	-0.262292	1.723874
1109	1.047127	-0.934670
1110	-0.334070	-1.099440
1111	0.115989	0.243876
1112	0.641565	-0.353510
1113	0.179361	-0.249881
1114	0.469067	1.634846
1115	-2.096007	1.556153
1116	1.537315	-0.784147
1117	0.449422	-0.523068
1118	-0.000475	-1.371857
1119	-0.373844	1.703797
1120	-0.716235	-1.040103
1121	0.392193	0.887393
1122	-0.578284	-0.426447
1123	0.287871	-0.301970
1124	0.949508	0.813859
1125	0.728390	0.448628
1126	0.251890	-0.207013
1127	0.895913	0.609786
1128	0.634988	-0.278841
1129	-1.170399	1.004989
1130	-0.708648	-0.011285
1131	1.749322	-0.524308
1132	-0.854571	0.888957
1133	-0.388127	-0.652193
1134	-0.947172	-1.124405
1135	1.459946	0.705995
1136	0.427939	0.237353
1137	-1.544255	-0.760316
1138	-0.193482	-0.704816
1139	0.143942	-0.274191
1140	0.358477	1.075965
1141	0.708391	1.234932
1142	0.840551	-0.053784
1143	-1.699849	-1.168569
1144	-0.560622	0.412619
1145	-0.504515	1.097388
1146	-1.276386	-1.990022
1147	-0.749311	0.227472
1148	-0.484964	-1.338025
1149	2.111058	-0.411014
1150	-1.161740	-1.243495
1151	0.173664	0.311764
1152	-1.150857	0.851434
1153	-0.338628	1.188496
1154	-1.293602	1.516943
1155	1.841260	0.673862
1156	-0.058157	-0.806319
1157	-1.865186	0.088419
1158	0.187882	-0.502464
1159	-0.008635	0.513659
1160	-0.874166	-0.051975
1161	-0.329223	0.074007
1162	-0.967039	0.666019
1163	-1.088270	1.975448
1164	0.086534	-1.688734
1165	-0.173205	-1.513228
1166	2.160690	1.118146
1167	-0.058434	-1.646530
1168	0.989973	1.172014
1169	0.894730	1.972886
1170	0.317363	2.354981
1171	2.002036	0.258245
1172	-1.084175	1.696611
1173	0.348666	0.868502
1174	-0.110931	-0.119635
1175	-0.734820	0.020352
1176	-0.583644	0.915210
1177	0.730920	1.446331
1178	0.478775	0.079106
1179	1.300444	0.357270
1180	0.182403	0.276931
1181	-1.668693	-0.874865
1182	-0.108995	-0.950527
1183	2.658020	0.151125
1184	-1.127391	-0.974154
1185	-0.334537	-0.811756
1186	0.962418	-2.889847
1187	-0.040774	-0.768478
1188	-2.210991	0.065519
1189	-0.403055	1.585220
1190	0.379325	0.056106
1191	-1.742273	2.535516
1192	-0.657934	-0.489633
1193	-1.003262	-0.081347
1194	2.076990	-1.907837
1195	0.925915	0.494503
1196	0.465674	0.252183
1197	-0.157408	-0.612638
1198	1.563454	0.207653
1199	-1.383126	0.202515
1200	0.905683	0.186932
1201	1.195260	0.478964
1202	-0.411101	-1.137996
1203	-0.317662	0.038947
1204	2.164824	-0.441479
1205	1.182338	0.725150
1206	-0.298050	0.115259
1207	-1.302486	1.332354
1208	-1.887178	-0.225154
1209	-0.694946	0.899417
1210	-0.743399	-1.312487
1211	1.000034	-2.701072
1212	1.228363	-0.138403
1213	0.495171	0.564895
1214	0.940712	-2.358571
1215	-1.836140	-1.413145
1216	-1.304102	-2.339990
1217	-2.813903	0.062661
1218	1.744057	1.087650
1219	-2.078513	-1.259901
1220	0.733475	0.677603
1221	0.689433	-0.325332
1222	-1.031076	0.292937
1223	-1.817960	-0.347719
1224	-0.365886	-0.450464
1225	-0.696425	-0.870587
1226	0.903358	0.346489
1227	-0.882040	-0.072587
1228	-0.501515	0.210264
1229	1.699056	-0.347658
1230	-0.308484	0.383765
1231	-0.949841	0.417944
1232	1.707472	-0.346662
1233	-0.096208	-1.078144
1234	0.751802	-0.036430
1235	0.065641	0.601741
1236	2.999523	-1.630547
1237	0.436090	-0.318310
1238	0.482669	1.070581
1239	2.357183	-0.108254
1240	-0.053423	-0.173198
1241	1.026541	2.205824
1242	1.801265	-0.266870
1243	-0.898049	-0.540197
1244	0.963342	0.456172
1245	-0.340884	0.349639
1246	1.470098	-0.473864
1247	-0.180902	0.988253
1248	0.041493	-0.756568
1249	0.770390	-0.143344
1250	-0.064329	-1.270285
1251	-0.049201	-1.250150
1252	0.146910	-1.254917
1253	-0.321106	1.093389
1254	-1.004178	0.365006
1255	1.569677	0.558594
1256	-0.429540	-0.830880
1257	-1.149341	-1.855608
1258	-0.194041	0.263164
1259	-0.140713	0.950200
1260	0.116503	0.383002
1261	-0.278665	2.040879
1262	0.585832	0.425851
1263	0.511546	-1.432473
1264	-1.573730	-0.500598
1265	-1.957377	-0.508464
1266	-1.968422	-0.624557
1267	0.214596	-0.099782
1268	-1.103776	0.788702
1269	-1.640891	0.111332
1270	-0.180164	-1.264672
1271	0.689412	-0.753422
1272	1.059074	-0.834353
1273	-0.993669	-1.168541
1274	0.261121	1.365576
1275	0.728001	-0.436757
1276	0.936259	-0.415714
1277	1.660827	0.833140
1278	-0.487158	-0.198742
1279	2.475406	0.203668
1280	0.037357	-0.836906
1281	-0.880280	0.092014
1282	0.044526	-0.414849
1283	-0.816633	0.298132
1284	1.374489	-0.586744
1285	0.581729	0.347620
1286	-1.995394	0.344463
1287	-0.919117	-0.103701
1288	-1.227208	-1.630946
1289	-0.858514	0.294074
1290	0.197618	0.894131
1291	0.993433	0.237146
1292	0.235781	0.331445
1293	0.144650	0.072724
1294	0.463787	-1.223112
1295	-0.750461	-1.716836
1296	-0.048571	0.367844
1297	1.988681	-1.392009
1298	-0.973120	-1.450865
1299	-1.020501	-0.752871
1300	-1.047936	-1.928986
1301	-0.093740	-0.645233
1302	2.838278	-0.184294
1303	-0.912920	1.041362
1304	0.796258	-0.481301
1305	-1.068731	-0.376672
1306	-0.404044	1.548876
1307	0.990591	-0.006455
1308	0.496422	1.350043
1309	-0.853281	0.415177
1310	-0.838351	-0.184742
1311	-0.583999	0.929849
1312	-0.062128	1.000993
1313	-1.193885	-0.921183
1314	-1.415211	1.283020
1315	-0.519670	-0.329599
1316	-0.529756	-1.874226
1317	-0.908714	0.950070
1318	-0.090305	-0.809650
1319	-0.977042	-0.640585
1320	-1.658453	-0.196328
1321	0.886361	1.139079
1322	-0.019953	0.467937
1323	-0.169675	0.676612
1324	0.358701	0.344155
1325	1.235850	1.114479
1326	-0.779174	-1.041978
1327	-0.133157	-1.204646
1328	-0.784833	-0.363414
1329	-0.315743	-0.313567
1330	-0.823969	2.155160
1331	-0.841473	0.821434
1332	-0.280486	1.542825
1333	1.106257	0.116609
1334	0.809619	-1.954020
1335	0.505524	0.813433
1336	-0.570163	0.179093
1337	-1.624921	-1.199846
1338	-0.169730	0.379429
1339	-0.194522	-0.787187
1340	0.673735	-1.639495
1341	-0.882666	2.064822
1342	0.679240	-0.279303
1343	0.176412	-0.290492
1344	-0.853351	-0.073429
1345	-1.048940	-0.443588
1346	-0.241207	0.457710
1347	0.127386	0.130826
1348	0.923729	0.366603
1349	-0.118155	-0.339204
1350	-0.475120	-0.348142
1351	-0.722570	0.712415
1352	1.474967	0.609199
1353	-1.256942	0.379953
1354	0.424363	1.267857
1355	0.445599	-1.897135
1356	0.978783	-0.104100
1357	2.002163	-0.743857
1358	0.992085	-0.317334
1359	-1.236646	0.588729
1360	0.350655	-0.442761
1361	0.493055	-0.573514
1362	0.571968	-0.580467
1363	-0.154883	2.642519
1364	-0.455510	-2.525342
1365	-1.426546	0.860131
1366	0.520139	2.101183
1367	-0.586665	0.285495
1368	-0.422921	0.503919
1369	-0.960217	0.066568
1370	-0.794255	-0.412040
1371	0.097381	-3.554699
1372	0.077303	0.014949
1373	-1.584774	1.062179
1374	-0.267262	-0.447985
1375	1.399230	-0.805664
1376	0.849285	1.344727
1377	0.324977	0.507536
1378	2.119842	0.931443
1379	-0.212559	1.743486
1380	0.330086	0.397999
1381	-1.148061	0.079157
1382	-0.567062	0.653771
1383	-0.960586	0.063518
1384	0.451554	-1.238695
1385	1.667580	1.591225
1386	-0.622604	0.950191
1387	-0.088651	1.197528
1388	0.858099	-0.190136
1389	-0.084387	-1.291221
1390	1.014535	-0.126928
1391	1.988265	-0.250142
1392	-0.282067	-0.167737
1393	0.156640	0.627177
1394	0.055753	0.239853
1395	0.223780	0.724475
1396	-0.938849	0.341354
1397	0.329527	0.725536
1398	-1.614497	0.576216
1399	0.149185	-0.158960
1400	2.296199	1.006218
1401	1.514572	0.855415
1402	0.201475	0.386984
1403	0.396190	-0.004016
1404	-1.942028	-0.338392
1405	-0.092614	0.834737
1406	-0.371399	0.539580
1407	-0.898624	1.990666
1408	0.597014	-0.297327
1409	-1.536363	0.457480
1410	0.448794	-0.211057
1411	0.227343	0.462984
1412	0.327480	0.566893
1413	0.365223	1.743273
1414	-0.877607	1.322861
1415	-0.951022	1.602848
1416	-0.560633	0.471798
1417	-0.651703	0.407353
1418	-2.103951	-0.520508
1419	-0.575843	-1.105585
1420	-0.892179	1.084972
1421	0.550655	0.102221
1422	-0.081690	0.618408
1423	-1.363776	0.824818
1424	-1.704134	-1.231333
1425	1.406263	-1.611532
1426	1.176815	0.154947
1427	-1.255422	-0.022214
1428	-0.198133	-0.131067
1429	-0.515599	0.680151
1430	0.589493	0.788351
1431	-0.083503	1.902463
1432	-1.172230	-0.140517
1433	-0.378673	-1.543873
1434	0.702476	0.552004
1435	0.905000	-0.562571
1436	0.701329	-0.542655
1437	0.139816	2.551101
1438	-0.533373	0.610844
1439	-0.847608	1.466934
1440	-0.313531	-0.778957
1441	-0.279979	-1.285970
1442	-0.934175	0.902062
1443	-0.849012	-1.589205
1444	0.791636	0.343800
1445	0.267503	0.427133
1446	1.669896	0.634378
1447	-0.773827	-0.481887
1448	-1.380392	-1.441191
1449	1.699869	1.132364
1450	0.480977	0.366879
1451	0.377295	0.002610
1452	0.806897	0.326726
1453	0.137537	0.002956
1454	1.571460	0.184984
1455	-0.074581	-0.004205
1456	0.639074	0.939224
1457	1.613312	-0.277586
1458	-0.031616	-0.264498
1459	-1.406099	-0.462823
1460	-0.007531	-0.262246
1461	1.233684	0.494099
1462	-0.922406	0.231997
1463	-0.100329	-0.727572
1464	1.177502	-1.070446
1465	-1.307204	0.647439
1466	1.094051	1.015471
1467	0.400097	1.546542
1468	-1.180679	-0.637064
1469	-1.435712	-0.223994
1470	1.194152	-0.517049
1471	-0.417930	1.984763
1472	-1.348140	1.106487
1473	1.691854	-1.020280
1474	-1.747100	1.015682
1475	1.197722	1.526997
1476	-0.736912	0.532165
1477	1.526325	-0.605249
1478	0.472822	0.464644
1479	0.023005	-1.897591
1480	0.183280	-0.312790
1481	0.309929	0.823831
1482	0.260852	-0.682150
1483	0.390856	0.666839
1484	-0.711671	-0.366137
1485	1.596334	-1.469640
1486	-1.438045	0.740088
1487	0.117570	-0.990783
1488	-1.919223	0.630395
1489	-0.185285	0.930778
1490	0.523109	0.754923
1491	-1.176250	-1.268745
1492	-1.957577	-0.504771
1493	0.016540	-1.508636
1494	1.041012	-0.595956
1495	0.698789	-1.959271
1496	-0.795581	0.124635
1497	1.842093	0.963770
1498	1.526075	1.081364
1499	-0.911885	-0.216704
1500	-1.064711	3.117572
1501	-0.459395	-0.917935
1502	0.506000	-0.319479
1503	0.147443	0.748407
1504	-1.349365	-0.497672
1505	-1.063410	1.229057
1506	-1.248110	0.272943
1507	0.416808	-0.482484
1508	0.526995	1.324053
1509	1.353125	-0.342317
1510	1.355483	-0.091094
1511	-1.689163	-0.488666
1512	-0.337716	-0.532718
1513	0.263809	0.137626
1514	-0.499491	0.040616
1515	-1.618481	-0.527696
1516	1.152791	-0.264510
1517	-0.156733	1.848613
1518	-0.778622	0.763992
1519	-0.346548	0.455735
1520	0.931243	-0.646387
1521	0.826862	0.275979
1522	0.246839	-0.008232
1523	0.073051	-1.032245
1524	1.121167	1.473552
1525	0.253543	-1.931808
1526	1.055100	-0.077544
1527	-0.828849	-0.386362
1528	0.252309	-0.019558
1529	-0.383462	0.798587
1530	-0.314502	-0.131701
1531	0.970822	1.907141
1532	-0.438892	-0.428059
1533	1.017525	0.749406
1534	-0.326336	-0.196954
1535	-0.295989	0.665924
1536	-0.000438	0.192224
1537	0.080511	-0.220940
1538	-0.508460	-1.358224
1539	-0.871442	-0.680458
1540	-0.400997	1.008704
1541	0.756024	-1.822661
1542	-2.235152	0.535907
1543	-1.146302	1.522328
1544	0.810474	-0.236211
1545	0.031499	1.197874
1546	-0.992115	-0.039024
1547	0.235641	0.048243
1548	0.241328	0.248903
1549	-1.275624	1.464327
1550	0.624303	-0.408868
1551	-0.921292	0.952969
1552	-1.199259	2.672351
1553	1.128776	0.447793
1554	0.900952	0.274168
1555	-0.396302	0.342236
1556	0.817405	-0.418247
1557	0.560488	0.553944
1558	0.487029	-1.151938
1559	-1.206169	-1.410218
1560	0.742528	0.138559
1561	-1.320646	0.377399
1562	-0.664668	0.132715
1563	0.642992	-0.632282
1564	-1.448499	-0.756884
1565	-1.520301	-0.606782
1566	-0.586625	0.503342
1567	-0.506323	1.469294
1568	0.340470	0.813930
1569	-1.470676	-2.105745
1570	0.791709	0.209002
1571	-1.732464	0.051869
1572	-0.845643	2.635344
1573	-1.221735	-0.441324
1574	1.919928	0.487268
1575	-0.257633	-0.768244
1576	0.240159	0.341117
1577	-0.261768	-0.241426
1578	1.043672	-0.297115
1579	-0.542106	-0.025029
1580	0.542200	1.711367
1581	-1.800828	0.758681
1582	-1.263906	0.826469
1583	1.250151	-0.533775
1584	-2.445350	-0.431875
1585	-1.506646	-0.608256
1586	0.338772	-1.879613
1587	-0.740633	0.191797
1588	0.396047	1.065910
1589	-0.279534	-0.714015
1590	-1.050014	0.716598
1591	2.392974	-0.252874
1592	-0.645825	-0.347348
1593	0.415040	0.541888
1594	-0.010180	1.925122
1595	0.530310	1.439279
1596	1.620494	1.807486
1597	-1.237695	-0.078571
1598	-0.899724	0.779812
1599	-0.179706	0.138564
1600	-0.257991	-1.529802
1601	-1.476033	-0.928675
1602	0.453677	-2.313425
1603	0.026273	-0.498071
1604	-0.334188	-0.486788
1605	0.367261	0.236163
1606	1.195221	-1.648147
1607	-0.516329	-0.884707
1608	-0.403380	0.159962
1609	-0.900739	0.279965
1610	1.442902	0.497155
1611	-1.881179	-0.145407
1612	0.594922	0.299853
1613	1.226634	0.411781
1614	0.096516	0.083501
1615	-0.118887	-1.273662
1616	1.887288	0.578430
1617	0.926126	-0.152718
1618	0.606870	-0.735363
1619	0.255917	0.315951
1620	-0.926353	-0.751129
1621	0.789712	0.411540
1622	-0.479444	-0.801590
1623	0.013082	-0.633938
1624	0.733011	0.461972
1625	-0.503104	-0.132450
1626	-0.895414	-0.059752
1627	0.661122	-0.667217
1628	-0.158465	0.390115
1629	-1.038397	-0.658871
1630	1.208767	0.358481
1631	-0.376757	-0.198604
1632	0.724129	-0.848256
1633	-0.556137	0.546288
1634	-0.280197	-0.027242
1635	-0.358159	0.952635
1636	1.173581	-0.613608
1637	-1.142785	-0.798478
1638	-0.562321	0.281661
1639	0.362022	-0.093376
1640	-0.966989	0.604327
1641	0.985056	0.229919
1642	0.095030	0.479813
1643	0.206186	-0.394874
1644	-0.017888	0.675174
1645	-1.203020	0.057112
1646	1.120032	-1.321159
1647	0.827590	0.425014
1648	-1.812975	0.346647
1649	0.807866	-0.600369
1650	-1.210938	-0.244478
1651	-1.859267	0.299667
1652	-1.264519	-0.114821
1653	0.539373	-0.232297
1654	-1.931718	-1.006294
1655	-1.688412	0.245589
1656	0.937648	0.664706
1657	-0.517744	0.319137
1658	-2.562661	0.338111
1659	1.874789	0.871267
1660	-1.851701	-1.184769
1661	0.533010	0.627193
1662	-0.519428	0.574016
1663	-0.462317	0.102008
1664	0.602505	0.361830
1665	1.165636	0.588415
1666	0.685284	-1.636118
1667	0.128060	-0.179424
1668	1.909792	0.660800
1669	-0.315715	0.467424
1670	-1.360182	-0.294851
1671	-0.709862	0.889703
1672	-0.148369	-0.542138
1673	-0.262175	-1.564219
1674	-0.585322	-2.107614
1675	-0.400029	1.357412
1676	0.547145	1.850945
1677	1.010222	0.023426
1678	1.061819	0.472653
1679	-2.313559	0.484178
1680	1.055449	-1.153569
1681	-0.270431	1.416128
1682	0.773050	-0.367741
1683	0.862643	-0.814766
1684	-0.915134	-0.708944
1685	1.103051	0.806239
1686	-0.016828	-0.833553
1687	0.301649	-1.428898
1688	-0.648235	1.572820
1689	1.042615	0.860785
1690	-0.692319	-0.843776
1691	-0.267873	0.404862
1692	0.537773	0.452427
1693	0.990669	-0.266272
1694	0.400872	0.680078
1695	0.637220	-0.367062
1696	-0.026664	-1.815650
1697	-1.962822	-0.182429
1698	0.651274	-0.409719
1699	-0.792759	-1.347854
1700	0.327746	-1.883998
1701	-0.029168	0.474952
1702	-0.706965	0.272968
1703	-0.912703	-1.068390
1704	-0.872636	1.255050
1705	-0.558782	-0.555047
1706	-0.810128	-0.063200
1707	-0.207064	-1.248558
1708	0.013447	-0.353935
1709	1.468927	0.229107
1710	-0.375912	0.057138
1711	0.771044	-0.898334
1712	0.749669	-0.998392
1713	-0.302234	0.927918
1714	1.189829	2.524877
1715	-0.317942	0.661077
1716	1.115815	-0.001134
1717	0.588936	0.238128
1718	0.725089	-0.124052
1719	0.291297	0.484651
1720	-0.208009	-1.258697
1721	-0.169718	-0.121664
1722	0.175951	-1.032284
1723	0.115077	-1.053630
1724	0.250837	-0.203816
1725	1.080626	0.502512
1726	-0.578523	1.607451
1727	0.545911	2.427040
1728	1.049723	1.407494
1729	0.899205	0.555912
1730	1.312326	0.655606
1731	-1.606818	-1.265145
1732	-0.925807	-2.027672
1733	0.769921	-0.757268
1734	1.307221	-0.591970
1735	0.917399	0.182138
1736	-1.196271	-1.478018
1737	0.199830	-0.008821
1738	-1.135740	-0.511458
1739	-0.773711	-1.013349
1740	-0.358728	-1.420157
1741	0.767132	0.687182
1742	0.187723	-0.016882
1743	0.542440	0.106161
1744	0.671660	0.797571
1745	-0.138459	-0.823337
1746	-2.253631	0.302691
1747	-0.920011	-0.169240
1748	-0.070261	-0.504411
1749	-0.732976	0.120106
1750	-1.453177	-0.196895
1751	-0.757732	-0.123673
1752	-0.969148	0.164571
1753	0.305918	-0.933309
1754	-1.211064	0.211353
1755	-0.432595	-0.029124
1756	1.556273	0.295854
1757	-0.493047	0.885290
1758	0.124600	-0.910560
1759	-0.746916	0.645104
1760	-0.333628	-0.607767
1761	2.002274	-0.477300
1762	-0.190341	0.500611
1763	0.007597	1.767078
1764	-0.742493	-0.604570
1765	0.098057	0.625517
1766	1.311628	0.845171
1767	0.069327	0.779337
1768	-1.078481	-1.111532
1769	0.641283	-1.083928
1770	1.227470	0.136435
1771	0.429623	0.968711
1772	0.769144	-0.115348
1773	-1.435565	0.273295
1774	-0.380680	1.262837
1775	-0.864273	0.710467
1776	-0.675063	-0.537748
1777	2.484187	-0.579684
1778	-1.221009	-0.466905
1779	1.372741	0.407285
1780	0.263280	-0.279416
1781	0.008074	0.144862
1782	0.857011	-0.406283
1783	0.158561	1.648980
1784	-2.425722	1.078890
1785	0.257894	-1.630551
1786	-0.753417	0.797606
1787	-0.614883	-1.448035
1788	0.418248	-0.288427
1789	-0.885926	0.575183
1790	-1.450304	-0.812544
1791	-0.229634	-0.271183
1792	-1.003974	1.126344
1793	-0.717374	-0.884152
1794	-0.320548	-0.470823
1795	0.595604	-0.128601
1796	-0.499056	0.076370
1797	1.310549	-0.288176
1798	-0.211141	0.569283
1799	-1.179198	0.216844
1800	0.594445	0.541368
1801	-0.916243	1.555082
1802	0.691955	-0.248823
1803	-0.182517	0.806702
1804	-1.248959	-1.696749
1805	-0.509025	-0.099236
1806	1.450162	0.071765
1807	-1.359901	-0.307862
1808	1.331017	0.394250
1809	-1.358006	2.405132
1810	0.639358	0.462313
1811	0.848465	3.200894
1812	0.546909	-0.099030
1813	-0.412079	-0.112176
1814	0.396712	-0.735341
1815	-1.718761	2.432476
1816	-1.638118	0.750468
1817	0.177971	-0.376135
1818	1.048183	-0.125139
1819	-0.260052	-0.159031
1820	0.433439	0.148868
1821	-0.096321	1.433696
1822	1.370826	-1.176929
1823	1.570798	-0.288721
1824	0.798869	-1.444427
1825	-0.449240	-0.777650
1826	1.062575	1.565324
1827	-1.121153	1.563026
1828	-1.005470	0.899864
1829	0.786912	-0.463950
1830	-0.534500	1.099210
1831	-0.837113	-1.325571
1832	1.761170	-0.545513
1833	1.882165	1.615929
1834	0.037819	-1.110692
1835	1.560534	0.230982
1836	-0.017444	-1.524904
1837	-0.982816	0.949630
1838	-0.793690	1.243031
1839	-0.243558	0.382681
1840	-1.756875	1.306701
1841	0.556269	-1.192317
1842	0.355764	1.300267
1843	0.229497	0.263203
1844	1.286934	-0.191235
1845	0.040388	-1.577403
1846	-0.292645	-0.051914
1847	-0.185738	0.364779
1848	-0.581365	-1.656192
1849	-0.019551	-0.629851
1850	-1.387292	-1.254187
1851	-0.830191	-1.758478
1852	0.193084	2.054935
1853	-0.692161	-0.578844
1854	0.766668	-0.286141
1855	-1.113100	-0.398115
1856	1.044859	-0.101714
1857	0.684391	1.714055
1858	0.267123	-0.382173
1859	-1.170637	0.696571
1860	-0.562627	0.673925
1861	0.173161	-0.063580
1862	1.294997	-0.156118
1863	-0.518078	-0.038692
1864	0.059310	-0.918590
1865	-1.134803	-0.752220
1866	0.418898	-0.558465
1867	0.041211	-2.071626
1868	-0.485499	-1.126735
1869	0.337565	-1.160339
1870	-0.009736	0.823121
1871	0.259856	0.368301
1872	1.217231	-1.524349
1873	0.103844	0.973624
1874	-1.048436	1.161314
1875	-0.467068	1.316384
1876	0.155142	-0.387187
1877	-0.704651	-0.458102
1878	-0.745597	-0.884307
1879	0.043883	0.484016
1880	-1.364141	0.582984
1881	-1.048726	0.154097
1882	-0.389213	0.528817
1883	0.002863	1.768571
1884	-1.372047	0.149713
1885	-0.095434	1.421628
1886	-1.032408	0.457875
1887	0.452653	-0.985932
1888	0.490205	-0.218241
1889	-0.614425	-0.995752
1890	1.078451	-0.115228
1891	1.294847	-1.789224
1892	0.171012	0.168083
1893	-1.777218	-0.608193
1894	-0.816676	-0.298482
1895	1.246864	-0.316351
1896	-1.419912	0.969108
1897	-0.150712	-0.417580
1898	-1.379936	0.438310
1899	-0.515102	-2.021093
1900	1.420071	0.534221
1901	1.865747	-0.023139
1902	0.331731	0.138688
1903	-0.658846	-0.169685
1904	0.284959	-0.633141
1905	-0.327053	1.493564
1906	-1.609577	-1.812382
1907	1.007567	0.430527
1908	-0.626692	-0.341809
1909	-0.205032	-0.965542
1910	-3.028279	0.788719
1911	-1.014561	1.297951
1912	-0.960895	-0.622334
1913	-0.275141	0.606273
1914	-0.458720	0.831583
1915	-0.970411	-0.606034
1916	-0.052876	-0.450703
1917	-0.724415	-0.050198
1918	1.582923	0.315736
1919	-1.033047	0.863650
1920	-0.766947	2.474081
1921	-0.269860	1.445124
1922	1.173600	0.357089
1923	-0.971026	0.256640
1924	0.456464	0.891709
1925	-0.087939	1.440554
1926	-0.502585	0.431764
1927	-1.692674	0.158911
1928	-0.096239	-0.302163
1929	0.606084	-0.660544
1930	0.853339	-0.221389
1931	-1.633303	1.071839
1932	-0.085630	-0.747365
1933	0.322793	0.125443
1934	1.352952	-0.124558
1935	-1.413322	-2.580376
1936	-1.303382	0.023483
1937	1.386217	-2.139954
1938	1.431422	-0.569015
1939	0.414866	-1.345112
1940	-0.254558	-1.707023
1941	-0.150307	-1.014520
1942	-0.209073	-0.419080
1943	-0.661571	-1.302170
1944	-1.535727	0.648700
1945	-0.778299	-1.483978
1946	-0.094967	-0.295948
1947	3.158440	-0.864239
1948	0.730337	-0.236175
1949	1.299464	0.510928
1950	-0.890365	-1.313508
1951	2.504196	1.333704
1952	1.035190	0.369482
1953	0.513765	1.168588
1954	1.036071	-0.890203
1955	-0.115920	0.259888
1956	1.144183	-0.446607
1957	0.249738	1.188206
1958	0.937098	-0.559584
1959	-0.478835	-0.276467
1960	-0.270982	-0.189138
1961	-1.499852	-0.655690
1962	1.607551	-0.599589
1963	-0.453524	-0.390271
1964	-1.213626	0.093565
1965	0.226239	1.149330
1966	0.077908	-2.668213
1967	1.371836	-0.862228
1968	-0.761017	-0.519314
1969	-0.001692	-0.159844
1970	1.400606	0.907738
1971	1.585153	-1.290692
1972	1.253501	0.344749
1973	-0.558941	-1.653796
1974	-0.770430	-0.055564
1975	-1.719963	0.548191
1976	-1.693065	0.468640
1977	-2.436564	0.475913
1978	0.915225	0.790871
1979	0.959290	-0.831261
1980	-0.182486	-0.909546
1981	0.806712	-0.737010
1982	1.293984	0.098691
1983	-0.586137	-0.143612
1984	-0.549803	0.675096
1985	-1.713486	1.216554
1986	-0.056438	0.089523
1987	-0.251379	-1.611298
1988	-0.319751	0.989207
1989	-0.282203	1.610897
1990	0.890675	0.603614
1991	-0.494005	0.389678
1992	0.462785	1.301551
1993	1.777986	0.337170
1994	-0.919397	0.721069
1995	1.765467	-0.557189
1996	-0.438716	-1.594218
1997	0.573270	-1.120808
1998	-0.124529	0.661827
1999	0.072155	-0.670656
