2000	2
0	-0.300506	-0.979643
1	-0.579603	1.523523
2	0.537066	0.353541
3	0.723073	0.004309
4	-0.112732	0.213124
5	-0.155125	0.835697
6	-0.875180	1.037725
7	1.193393	-0.497560
8	0.106149	1.018170
9	1.283846	-0.740753
10	0.684690	0.749521
11	0.307197	0.016836
12	0.149674	-0.033536
13	-0.134722	0.998018
14	1.382966	1.346906
15	0.928101	-0.746010
16	1.322390	-1.332075
17	0.512194	1.001714
18	0.429114	1.891569
19	-0.784657	0.342133
20	-2.829349	0.928743
21	2.438293	-1.777552
22	-0.423116	1.053097
23	-0.100637	-1.169993
24	-0.269937	0.577703
25	-0.601693	0.391782
26	-0.252870	0.345388
27	0.783083	0.171110
28	1.128319	0.676271
29	-1.209747	-0.331862
30	-1.874570	-1.071394
31	-0.304373	-1.031703
32	0.677813	0.117315
33	0.833197	0.510489
34	-1.068551	0.331524
35	0.119883	-0.994448
36	0.304215	-0.651695
37	0.142324	-0.969512
38	0.468001	0.911635
39	0.098723	0.456411
40	0.176545	0.271242
41	0.003627	-0.371945
42	0.527918	0.074644
43	-0.447696	1.136524
44	1.318934	0.156382
45	-0.331415	1.323244
46	0.736528	-0.969159
47	1.295618	0.605004
48	-0.498180	-0.103736
49	0.899802	0.872860
50	-1.360300	0.727848
51	0.215699	-1.413895
52	-1.244576	-2.433067
53	1.613639	0.174324
54	0.218604	0.069890
55	0.570640	1.237457
56	1.140407	-1.708427
57	1.118825	-0.387190
58	1.114824	-0.340552
59	0.718839	-0.077587
60	-0.408476	-2.389985
61	0.268764	1.073865
62	0.048125	-0.772907
63	1.261153	-1.347367
64	-0.571429	0.904433
65	-0.865196	0.834681
66	-0.475728	-0.223503
67	0.151405	-0.459573
68	-1.368567	0.084604
69	-0.341042	0.112087
70	0.188934	-0.312544
71	-1.758895	0.138155
72	-1.032233	0.377387
73	0.339225	-1.951086
74	-2.077274	0.533963
75	-0.636348	0.961957
76	1.543195	-0.658975
77	0.098626	1.023656
78	-0.949288	-0.104382
79	0.138426	1.007748
80	0.282695	-0.349704
81	0.495868	-1.073409
82	-0.582197	-0.808599
83	0.737463	1.135706
84	1.029917	0.777717
85	-1.701268	0.566392
86	1.542390	0.748554
87	1.679941	-0.580704
88	-0.269061	-1.154272
89	1.027050	0.043021
90	-1.319764	1.472059
91	0.203729	-0.038290
92	-0.586893	0.163976
93	-1.162569	2.101281
94	-1.206466	0.719024
95	0.269643	0.386047
96	-1.303583	1.358391
97	1.426316	-0.009664
98	2.953172	0.868569
99	-0.283004	-0.800068
100	1.545307	0.102988
101	-1.452496	0.192690
102	-0.084084	-1.789137
103	-1.264031	0.191931
104	-1.072186	0.257012
105	0.713799	0.236589
106	0.623155	-0.208054
107	-0.226790	-0.554655
108	-1.176624	-0.047092
109	-0.642257	0.987447
110	-0.090679	-0.246028
111	0.467549	2.780535
112	0.257045	0.538835
113	0.641495	0.070249
114	-1.521280	1.355030
115	-0.577664	1.330930
116	1.432808	-0.795131
117	-0.228416	-0.000308
118	-0.058193	0.732775
119	0.972082	0.105784
120	-0.448365	-0.865280
121	-0.617508	-0.322730
122	-0.493882	0.790297
123	-0.282559	0.432851
124	-1.801070	-0.448343
125	-0.844640	-0.082218
126	0.027061	1.104155
127	0.479484	-0.773845
128	0.011203	1.163221
129	0.138102	-1.749680
130	-0.580743	1.124457
131	0.961734	0.499082
132	-1.526234	1.250224
133	0.633157	-0.123852
134	-0.754811	0.135692
135	-0.134288	0.223135
136	-0.024118	-0.680824
137	2.022759	-1.643027
138	-0.121716	0.505924
139	1.674057	0.479546
140	-1.567966	-0.788616
141	0.639665	-1.628002
142	-0.766081	1.032167
143	1.564475	-0.044205
144	1.456547	-1.266629
145	1.744529	-2.083201
146	-0.122098	-0.314632
147	-0.369134	0.755109
148	0.016134	-3.096660
149	-0.983604	1.296080
150	-0.139857	-1.000268
151	-1.779379	1.563069
152	1.687487	-0.998527
153	0.191271	-0.324960
154	1.331819	0.547911
155	-0.816314	-0.510339
156	-0.030966	-0.103266
157	-0.378519	0.418395
158	0.112894	0.156532
159	0.953746	0.488246
160	-1.055162	-0.200396
161	1.159381	0.861556
162	0.690857	1.398024
163	0.409340	-2.069727
164	1.541901	-0.533962
165	-1.135750	-0.747567
166	0.330972	0.496523
167	-1.393272	0.284717
168	-1.957255	-0.071268
169	0.097847	1.870003
170	1.525101	-0.234312
171	1.928199	0.687548
172	-0.367860	0.588774
173	0.983922	-0.558781
174	0.666019	1.576538
175	-0.096035	-1.638592
176	-0.877278	0.621983
177	-0.499066	0.468500
178	0.363649	0.551754
179	0.283521	0.632563
180	-0.020120	1.012055
181	0.035825	-0.080246
182	2.808442	-1.123267
183	0.128553	0.230243
184	0.601731	-2.173000
185	0.714055	-0.736826
186	-0.285390	0.336293
187	-0.346011	1.341772
188	1.328372	-1.468177
189	0.244280	-0.543636
190	-0.834680	-1.319354
191	-0.228336	-0.028846
192	0.349422	0.684193
193	-1.271688	1.226598
194	-1.364931	-0.312198
195	1.021922	-1.375158
196	-0.374910	-0.339551
197	1.306505	0.219520
198	0.948704	-0.251984
199	-0.075060	-1.294315
200	-0.049131	1.507427
201	1.189016	0.001359
202	-0.790318	0.966899
203	-0.390823	0.789097
204	1.381368	0.463584
205	-0.062162	-1.082414
206	0.927567	0.734050
207	-0.349868	0.301290
208	0.248783	-0.327451
209	-1.229950	-0.432017
210	0.121056	1.125393
211	-1.084606	-0.156653
212	0.362187	-0.063398
213	0.941069	-1.182941
214	-0.012101	0.171377
215	0.265325	-0.232355
216	-1.230336	-1.104139
217	0.229239	-0.961904
218	-0.400899	-0.128567
219	-2.225083	0.225509
220	-1.607875	0.712975
221	-1.266256	-1.510843
222	1.099114	-0.111747
223	-0.164825	0.255483
224	-0.674900	0.719241
225	-0.575571	1.556670
226	0.107601	0.270242
227	1.018128	1.033692
228	0.563097	1.418657
229	0.934201	-0.788814
230	-1.371936	0.500218
231	0.157358	-0.193504
232	1.327314	-2.667371
233	0.749296	0.077865
234	-1.566101	0.590621
235	-1.174530	0.766687
236	-0.642112	-0.241504
237	0.674407	-0.588753
238	-0.053779	1.438211
239	1.292578	-0.084929
240	0.598254	-0.074437
241	-0.389496	0.101228
242	-0.344544	1.016807
243	2.008317	-1.110304
244	-0.481753	-0.143977
245	-0.434184	-0.635533
246	-0.670557	-0.890092
247	-0.374238	-1.090648
248	0.085966	-0.779136
249	0.075602	-1.810478
250	0.092397	-1.278694
251	0.392977	-1.129851
252	0.930863	0.882945
253	-0.116525	1.413103
254	-1.054762	0.698606
255	1.526905	0.036412
256	-0.716456	-0.717396
257	-0.182102	0.350965
258	-0.610752	-1.349796
259	0.565194	0.553051
260	0.526811	-0.320005
261	-0.004550	1.028781
262	1.719276	0.695876
263	-0.470168	0.772646
264	0.772487	1.917594
265	0.737326	0.115722
266	0.945912	0.134603
267	-0.355313	-1.988251
268	-0.136041	1.966112
269	-0.070453	0.710226
270	-0.327467	-1.055173
271	1.270340	-0.425568
272	0.828216	-0.329962
273	-0.639532	-1.042152
274	-0.054229	-0.048070
275	0.731306	0.119369
276	0.410781	0.180265
277	1.847258	0.442291
278	-0.732644	-0.261143
279	0.075301	0.251415
280	2.780709	0.461919
281	0.397189	0.043545
282	1.867537	-1.078665
283	1.137331	-0.295845
284	0.024922	-1.579672
285	-0.308746	1.096944
286	-0.890554	0.289618
287	0.943809	0.090376
288	0.859912	-0.450676
289	1.460611	-1.815764
290	-1.109459	0.279782
291	1.067556	0.016522
292	0.768276	0.246057
293	0.078242	0.306557
294	0.427050	-0.849345
295	-0.828982	-0.639807
296	0.351469	-0.282931
297	0.828780	-1.260438
298	-0.186717	0.617897
299	-0.352550	-0.679662
300	-0.091716	-1.787897
301	-1.573570	0.342009
302	1.702431	-0.364249
303	1.723079	0.158428
304	0.741526	-0.382648
305	1.101742	-0.189443
306	0.135548	-0.739580
307	-0.016673	-0.198360
308	-1.143312	0.043825
309	0.426299	0.889513
310	0.058479	0.823023
311	-1.480751	0.906578
312	-2.440854	2.011015
313	0.140535	0.502429
314	-0.819285	0.334135
315	1.333084	-0.090594
316	-0.459589	-1.179658
317	-0.853312	1.675678
318	-0.373815	-1.839704
319	1.283269	0.203079
320	-0.323730	-0.643675
321	-0.340796	0.455811
322	0.362141	-0.723830
323	-1.123985	-0.760403
324	-1.621831	0.046140
325	1.354059	-0.366871
326	-0.492953	0.523333
327	-0.976581	-1.398958
328	-0.690077	0.157583
329	-0.897368	0.182135
330	-1.643966	1.572629
331	0.311399	0.105760
332	-0.120557	-1.128616
333	1.041675	-0.185163
334	-0.499551	0.174648
335	-0.792681	-0.133741
336	-0.996470	1.532882
337	-0.241919	-0.579964
338	-1.821902	1.023446
339	-1.148312	-0.546088
340	-0.832401	0.966493
341	-0.416415	1.568895
342	0.858617	0.576690
343	0.714551	0.854072
344	0.009184	2.249779
345	0.009781	0.176793
346	-2.996985	0.282393
347	-0.137105	1.311757
348	-0.835869	-1.014795
349	-0.269966	0.316334
350	-1.887025	-1.765636
351	1.593014	0.286374
352	-0.759865	-1.704487
353	-1.317492	1.206212
354	-0.717028	0.275873
355	-0.993677	-0.413991
356	-0.541538	2.794616
357	3.133758	0.207235
358	-1.541406	-0.603866
359	-1.440537	2.058327
360	1.025328	-0.094304
361	-0.352436	0.589618
362	-0.549378	0.496563
363	-1.057694	0.446258
364	0.661192	-1.239140
365	1.474497	0.740322
366	-0.156393	0.036994
367	-0.140308	-0.941234
368	0.848806	1.167121
369	0.593177	-0.015558
370	0.406512	0.127563
371	-0.936235	0.878705
372	-0.271314	-0.514064
373	-0.213285	-0.352192
374	-1.766058	2.394873
375	0.030687	1.075933
376	0.122388	0.330781
377	0.603355	-0.769262
378	-1.978046	0.271659
379	-1.255662	-0.614940
380	-0.473419	1.177149
381	-1.056229	0.189539
382	-0.198322	0.142423
383	-0.842294	0.793157
384	-1.293089	-0.917487
385	-1.307303	1.038248
386	0.413503	0.880214
387	0.340258	-1.154300
388	0.505289	-1.595708
389	-0.791568	0.420195
390	-0.494444	1.215220
391	2.008630	0.113584
392	-0.512233	-0.228154
393	0.086376	1.154528
394	0.418345	0.708729
395	0.397818	-0.261792
396	0.808749	-0.567235
397	0.356845	1.379800
398	-1.582928	-0.506446
399	0.553650	0.534807
400	-0.236142	0.458010
401	0.791129	0.555524
402	-0.375055	0.930789
403	-0.134323	1.463069
404	0.372593	1.245953
405	-1.038262	0.614939
406	-1.883054	0.716093
407	-0.713371	0.075965
408	-0.427436	-0.411442
409	0.393715	-4.321512
410	0.111562	1.214248
411	1.162938	-0.204204
412	-0.117703	0.796104
413	-0.033837	-0.719351
414	-0.493121	0.516596
415	2.456332	-0.010322
416	-1.822786	0.955737
417	0.392429	0.528884
418	0.392969	1.288228
419	-0.596013	1.399372
420	0.359855	-0.251332
421	1.020924	-0.382932
422	-0.641534	-1.427410
423	0.291365	0.001265
424	-0.277563	-1.824408
425	-1.581699	0.997153
426	-0.537183	1.326149
427	0.042940	-0.554069
428	-2.427942	0.301018
429	-0.232548	-1.419460
430	1.390663	0.640804
431	-1.241889	1.737899
432	0.240372	1.279701
433	0.675691	1.187677
434	-0.657275	-0.876198
435	-0.681575	0.354982
436	0.359427	1.250685
437	1.258901	1.868846
438	-0.458679	1.048101
439	-0.554074	0.875290
440	0.370912	1.389566
441	0.943625	-1.233610
442	0.885299	-0.174214
443	-0.968323	-0.224504
444	1.445248	-1.441074
445	1.837939	1.573456
446	0.578749	-1.491814
447	-2.589943	0.192453
448	1.057793	1.063587
449	0.961593	3.021948
450	-0.841307	-0.471199
451	1.075582	-0.204582
452	-0.304420	1.241517
453	-0.290608	0.316945
454	-0.138463	0.816625
455	-0.331825	-0.901542
456	-0.239266	-1.114139
457	0.623290	-1.264002
458	-0.650796	-0.013385
459	0.857014	0.016277
460	0.394176	-0.922187
461	-0.825305	1.173482
462	0.090576	0.187354
463	0.602929	-0.161605
464	-1.374304	-0.922364
465	1.253096	-0.363650
466	-0.395049	1.053265
467	-0.357176	-1.433097
468	-1.163477	-0.306358
469	2.245593	0.584702
470	2.053428	2.135054
471	-0.623823	0.826115
472	1.294756	-0.709510
473	-0.126579	-0.291472
474	0.408688	-0.443319
475	-1.194577	-0.574691
476	-0.219538	1.397459
477	-0.973130	-0.782268
478	-1.921987	0.932651
479	1.064167	0.044095
480	-0.471511	-0.086882
481	-1.000080	2.325323
482	2.006223	0.058356
483	-0.342961	0.336388
484	0.312953	-0.368263
485	0.481533	0.039973
486	0.963217	-0.900593
487	0.993945	0.148451
488	0.981505	0.237516
489	-0.429622	-1.083009
490	0.704582	0.436803
491	0.412273	1.056509
492	0.010888	0.982818
493	-1.701679	-0.803907
494	0.135036	1.381813
495	1.697273	2.367153
496	-0.355879	-0.177659
497	-1.059085	-0.896816
498	1.042148	-0.022234
499	-0.324590	-0.447626
500	0.146103	-0.443433
501	-1.213089	-0.210460
502	-0.563184	0.660176
503	-0.323363	-0.168328
504	0.282825	-0.453273
505	-0.572532	0.813497
506	-0.088668	0.748466
507	-0.217695	0.907614
508	-0.097022	0.811606
509	1.257609	-0.032914
510	0.957446	0.571232
511	1.031727	-0.369207
512	0.413459	-1.339391
513	-0.390152	1.975634
514	-0.833824	-1.012912
515	-1.102284	0.703038
516	-0.941157	-0.222372
517	0.916207	-0.555161
518	0.650945	2.269463
519	-0.623415	-0.599207
520	-0.002977	1.215743
521	0.504867	-1.594074
522	-0.491839	-0.239708
523	1.300022	-0.690675
524	-0.758545	-0.022237
525	-1.516839	-0.475265
526	0.920682	-0.305576
527	-0.280283	0.090740
528	-0.100113	0.715821
529	-0.498153	0.599654
530	-0.098530	0.532461
531	-0.161010	-1.196148
532	-0.342365	-0.171573
533	0.207731	-0.381724
534	1.143575	-1.186396
535	-0.210666	0.490073
536	-0.135799	0.727443
537	-0.769167	-0.625594
538	0.480780	0.315535
539	-1.674147	-0.181836
540	-1.569003	0.124765
541	-0.298776	-0.902543
542	0.739392	-1.739521
543	0.343171	-0.435579
544	0.149600	1.573187
545	0.921086	-0.682688
546	1.051696	1.012254
547	0.041047	1.158585
548	1.106016	-1.316657
549	0.047411	1.368781
550	1.608912	-0.758139
551	-1.502241	-0.396249
552	2.100197	0.917019
553	1.586512	-0.758785
554	0.259850	2.453057
555	-0.416350	-1.157219
556	1.920660	-1.852302
557	-0.128897	-0.053255
558	-0.618479	0.336742
559	0.949022	0.221126
560	-0.513847	-0.492652
561	-1.033531	-0.330649
562	1.414349	-0.431057
563	0.049179	-0.411501
564	0.622679	-0.600755
565	0.449124	-0.330451
566	-1.494019	2.345778
567	0.378533	-0.235734
568	0.016512	1.455463
569	-0.925330	-0.527547
570	1.668625	0.023279
571	1.175685	-1.390897
572	-1.737409	0.268155
573	0.927641	1.290287
574	0.882953	1.438524
575	-0.054196	-0.634462
576	-0.464430	-1.289932
577	-0.979541	-0.219048
578	0.296097	0.892666
579	0.529490	-0.346735
580	-1.583188	0.942957
581	1.199310	0.785446
582	0.733210	-0.666397
583	1.433270	0.998200
584	2.194089	-1.139634
585	-0.493448	-0.248191
586	0.883932	-1.213550
587	-0.437136	-0.006856
588	-0.152698	0.482192
589	0.755448	0.159865
590	-0.678229	1.203023
591	0.278249	-1.058544
592	0.096995	-0.142533
593	-0.463812	0.900785
594	1.860501	-1.232386
595	0.771616	-0.885493
596	-1.060355	0.539575
597	2.101365	0.835484
598	0.957048	-0.054332
599	-0.294300	0.761371
600	-0.236225	-1.204859
601	0.456013	-0.295013
602	1.421485	-0.451427
603	0.167759	0.051567
604	-0.720916	0.687790
605	0.880266	0.624822
606	-0.876828	2.214890
607	0.968443	0.238483
608	-0.749968	2.045559
609	-1.028462	0.538943
610	1.436654	-1.263253
611	-0.659998	-0.003660
612	-0.166397	0.260417
613	1.456952	-1.346182
614	0.916278	-1.944991
615	-0.910035	0.115892
616	0.837888	-0.945879
617	0.042567	-0.435366
618	-0.233260	0.875278
619	-0.506769	-1.339361
620	-1.598038	1.580412
621	0.292802	-0.366257
622	-0.992036	-1.153908
623	1.032630	-0.897210
624	0.941283	-1.379978
625	0.607829	-1.480478
626	0.470966	0.107397
627	0.610681	0.733761
628	-0.256031	-0.736613
629	-0.511782	-0.067144
630	-0.767206	0.277396
631	-0.004773	0.269151
632	1.076536	2.416415
633	-0.394652	0.564058
634	-0.606141	1.698489
635	-0.975964	0.366484
636	-1.277229	0.750711
637	0.016950	0.957395
638	0.940979	1.775873
639	-0.371079	-0.092459
640	-0.534696	1.778903
641	0.297355	0.514862
642	0.185444	-1.839478
643	0.268799	-0.865490
644	1.078921	-0.912975
645	-0.578399	-0.995244
646	-0.165007	-0.662568
647	-0.159198	1.564276
648	-0.596793	0.974815
649	0.290794	0.009768
650	-0.805135	-1.086124
651	0.483465	0.195219
652	1.796694	-0.402599
653	-0.701901	-2.276603
654	0.872713	-0.231104
655	-2.026190	-0.806792
656	-0.499912	-2.026392
657	-1.457764	-1.502864
658	-1.378629	1.075885
659	-0.426871	-0.383341
660	0.693941	-1.132493
661	-0.262574	0.150937
662	0.811035	0.044531
663	0.223302	0.500798
664	-0.296465	-0.820452
665	1.033099	0.097236
666	-0.368765	-0.663557
667	0.789002	0.347106
668	-1.047624	-0.524232
669	0.031998	-1.055085
670	0.075724	0.908755
671	-0.561186	-0.885593
672	0.260656	-0.447090
673	0.115173	-1.090236
674	1.688922	-0.017945
675	0.014291	0.857308
676	1.516977	-0.377444
677	-0.812254	1.150541
678	1.672998	-2.535653
679	0.485880	1.329431
680	0.740434	0.617846
681	0.099416	-1.843739
682	0.126954	1.231935
683	1.046580	0.023827
684	0.869556	-0.137009
685	0.069536	0.860521
686	-1.217076	-1.298234
687	-0.214364	-1.662214
688	-1.247697	-0.062558
689	-0.156294	0.986373
690	-0.162406	0.055254
691	0.417806	-2.095487
692	-0.562873	-0.981696
693	0.373445	-1.295455
694	-0.581570	0.944569
695	0.359663	1.811480
696	0.497631	-0.334656
697	-0.111469	-0.106810
698	0.038164	0.070426
699	-1.485118	2.271596
700	0.910178	0.440624
701	-0.373829	-0.171342
702	0.986076	0.317052
703	1.772920	-0.045351
704	0.797193	0.040532
705	-0.387723	-0.710080
706	0.094361	-1.325055
707	-1.209510	-1.496134
708	-0.989230	-0.302810
709	-0.674666	0.995900
710	-0.206370	-0.248626
711	-1.794712	0.205804
712	2.300952	-0.039326
713	-1.713403	-0.471624
714	-0.072266	-0.534897
715	0.363335	-0.406222
716	-1.134142	0.829357
717	1.180039	0.562878
718	-1.309438	0.513300
719	-0.079622	-1.314508
720	-0.963444	-0.089813
721	-0.369760	1.152967
722	-1.632424	0.991594
723	-0.380739	0.430442
724	0.364938	0.223373
725	1.011702	0.897841
726	-0.114809	-1.134375
727	-0.952727	0.649627
728	0.821299	-0.451172
729	-1.992158	-0.910619
730	-0.965517	-0.352916
731	0.349293	-0.258235
732	-0.225498	1.141617
733	-0.269274	1.599524
734	-0.226509	0.830692
735	-2.046048	1.223483
736	-0.956926	-1.676735
737	-1.325590	-1.812451
738	1.731189	-1.043706
739	-0.475302	0.083671
740	-1.464657	-1.971513
741	-1.239081	-0.377703
742	0.639719	-0.378839
743	0.433996	-0.064805
744	0.971869	1.457005
745	0.377631	0.309749
746	-1.153887	-0.102785
747	-0.600479	-1.430762
748	-0.410702	-1.248745
749	-1.014660	-0.960825
750	-1.251015	0.548692
751	1.238976	0.943131
752	-0.430437	0.358823
753	1.606611	3.014137
754	-1.389262	-0.821994
755	-1.215162	-0.621321
756	-0.175867	0.287195
757	-1.008744	1.094926
758	0.189957	-1.063963
759	-0.688430	1.338427
760	0.780551	-0.890267
761	1.294585	0.782330
762	0.575201	-0.253349
763	-0.042874	-1.422901
764	0.308214	-1.479204
765	-0.164003	-1.726287
766	0.054228	1.202131
767	-0.260161	-0.173073
768	1.386155	0.478273
769	-0.200238	0.296908
770	0.070959	-0.788839
771	0.645412	0.704376
772	1.164096	-0.444829
773	-1.026741	0.531994
774	-0.585557	-0.443587
775	0.146112	0.021995
776	3.211416	-2.282118
777	0.329053	-1.008475
778	-0.553434	-0.544028
779	-1.805642	0.751749
780	0.033783	0.967762
781	-1.620776	-0.220940
782	0.992995	0.382899
783	0.116927	1.853713
784	0.520664	0.950171
785	0.186551	-0.181262
786	0.774453	-0.562178
787	0.407609	0.941002
788	-0.368792	-0.919424
789	-0.523772	-0.221071
790	0.951570	0.003876
791	0.516187	-1.019757
792	-0.588539	0.669195
793	0.488954	0.521801
794	-0.368452	0.334270
795	0.146673	-1.186170
796	-0.650743	-0.346115
797	-0.882945	1.196898
798	0.334399	-0.111084
799	-1.049165	1.113707
800	0.685345	-0.499523
801	-0.595391	-0.375748
802	0.125788	-0.960108
803	2.093846	-0.161018
804	0.341354	1.670334
805	0.534789	-0.697898
806	0.902756	0.343555
807	0.418765	0.798974
808	-0.244568	0.542836
809	0.735965	-0.831170
810	0.733093	0.258962
811	-0.082491	0.725343
812	-2.088071	0.376830
813	0.000325	-0.747520
814	1.413885	-0.391773
815	-0.571781	-0.051125
816	-0.170062	1.371764
817	1.088018	0.448498
818	-1.019306	-0.190518
819	1.345950	-1.787581
820	1.220045	-0.674349
821	-0.264722	0.198980
822	1.000111	0.921567
823	-0.383192	-0.248331
824	0.223946	0.057105
825	0.022316	-0.112602
826	-0.617696	-0.078407
827	0.307111	0.514503
828	0.442893	0.186320
829	2.243409	1.048738
830	-1.518045	1.128630
831	-1.400615	0.074355
832	-0.539411	0.322678
833	-0.411409	-0.992746
834	-0.632487	-0.196984
835	1.051056	-0.732626
836	0.150301	1.203714
837	0.256125	-0.991170
838	0.778998	0.756140
839	0.223254	0.168017
840	-0.682032	-0.205081
841	1.072175	-0.071627
842	1.294053	-0.887686
843	0.233675	1.496307
844	0.471835	2.678141
845	-1.849361	-2.337117
846	1.189656	-1.077694
847	1.132233	-0.451668
848	-0.495713	0.529058
849	-0.449368	-1.344721
850	-0.217727	0.507791
851	0.039119	0.508884
852	0.161771	0.951773
853	0.363724	0.805444
854	0.856292	-0.026316
855	-0.263905	-0.792637
856	0.020609	0.330632
857	-0.205737	1.460656
858	0.101498	-0.955324
859	-1.794046	0.965628
860	0.720564	2.195700
861	0.990987	0.400297
862	-0.749759	1.265521
863	-0.920263	-0.476812
864	0.256982	0.425965
865	1.121283	0.192477
866	0.418356	-0.000205
867	-0.067657	-0.310119
868	0.915993	0.439950
869	-0.274969	-0.329458
870	0.028897	-0.394603
871	-0.050333	1.804793
872	-0.293207	0.355190
873	-0.391455	0.285432
874	0.595369	0.868202
875	-0.429615	-1.337621
876	-0.504939	-0.696080
877	0.048645	1.370998
878	-0.023634	0.939168
879	-0.635374	0.233243
880	0.295950	-0.584368
881	1.536861	0.081382
882	0.539916	0.646112
883	0.542967	-0.518693
884	-0.129646	1.257530
885	-0.524917	0.954668
886	-0.032809	0.358239
887	-0.330357	1.580854
888	0.730348	0.350266
889	-0.043946	-1.292365
890	-0.906664	-0.935067
891	1.161181	0.270642
892	-0.521595	-0.044548
893	-0.550638	-0.376019
894	-0.478218	0.177605
895	-1.052063	0.228210
896	1.858674	-0.473453
897	-0.698200	1.542980
898	0.583337	0.020468
899	-0.072166	-0.472978
900	0.152818	-0.824684
901	-1.109815	0.136523
902	0.399457	1.446952
903	1.245553	-0.027256
904	-2.414282	1.458475
905	-0.715877	-0.196498
906	-0.571001	0.226546
907	-0.305759	-1.394363
908	0.270105	1.507169
909	0.119478	1.340799
910	-1.755271	0.109812
911	-0.371085	0.658416
912	0.893696	-1.039072
913	0.733739	-2.562303
914	1.018256	0.109622
915	-0.330226	1.793295
916	-0.278602	-0.337769
917	0.431922	-0.953980
918	-0.545002	-1.224377
919	0.094646	0.468736
920	-0.790354	0.259925
921	1.219236	1.615084
922	-0.450975	1.078380
923	1.246269	-0.287144
924	-0.316573	2.459573
925	-0.803912	1.852609
926	-0.957523	-0.180518
927	-0.849523	-0.423518
928	-1.573718	-0.659772
929	-0.278372	0.149314
930	-1.114619	-0.189999
931	-0.840685	-0.653980
932	0.323232	-0.594451
933	-0.565798	0.655333
934	2.713098	-0.239378
935	-0.498713	0.938516
936	-1.284015	0.573579
937	-0.537469	-1.049535
938	2.033361	1.115501
939	1.092952	-0.981543
940	0.486263	-1.322238
941	-0.019475	0.813144
942	-0.648056	-1.793329
943	1.547613	0.707483
944	0.873488	0.051237
945	-0.217901	0.803377
946	-1.884810	-0.214709
947	-0.938213	0.681749
948	0.328138	-1.911244
949	-1.931522	-0.082571
950	1.155923	1.514840
951	0.058454	1.734684
952	1.183221	-0.564896
953	0.295770	-0.684395
954	0.496803	0.150459
955	-0.934783	0.518383
956	1.461361	-1.674278
957	0.369569	-1.651642
958	0.611827	2.473625
959	-0.829052	-0.943630
960	-0.817993	-1.465069
961	-0.541192	1.238566
962	0.301209	-2.073215
963	0.524967	-0.451698
964	-1.287200	-0.443040
965	1.281842	0.995131
966	1.143911	-1.504950
967	-0.974318	2.451732
968	0.099915	0.927325
969	1.357193	-0.145856
970	-0.453950	2.178873
971	1.625529	1.458845
972	0.734665	1.641054
973	0.840401	-1.563833
974	-0.610729	-0.223793
975	0.724714	1.006434
976	0.164332	-0.501132
977	-0.512094	-0.597128
978	-0.244187	0.686743
979	0.261042	0.820478
980	-0.251584	-1.177638
981	0.617668	0.427891
982	-0.171241	-1.413511
983	0.132232	1.572796
984	-0.021483	-0.125850
985	0.369382	-0.074641
986	-0.345209	-1.019045
987	1.146118	0.690297
988	-1.409272	0.131897
989	-0.125492	-1.186172
990	-0.203895	-0.119621
991	-1.320464	-2.096380
992	1.293586	-1.074735
993	-1.386343	-1.023444
994	-0.118007	1.684647
995	-1.037147	-0.388326
996	-0.493295	0.993144
997	0.277430	0.737567
998	0.059187	1.004148
999	1.616832	0.439508
1000	4.440208	3.841120
1001	5.246825	3.375565
1002	5.765785	6.668103
1003	5.289908	4.518539
1004	4.610822	4.354714
1005	6.181875	6.368430
1006	4.531896	4.771738
1007	5.513115	4.974396
1008	5.360874	6.209821
1009	4.811484	5.253045
1010	3.741664	6.286008
1011	5.856298	3.724014
1012	4.117970	4.533034
1013	5.731065	5.540841
1014	4.671359	4.192566
1015	6.333724	4.865168
1016	6.698282	5.358267
1017	4.411802	4.510700
1018	4.745489	5.381300
1019	4.628141	6.062030
1020	4.586147	6.413327
1021	5.978504	3.807828
1022	5.157175	5.312592
1023	4.493937	4.944681
1024	4.622425	5.995020
1025	3.798598	5.647537
1026	3.840296	4.891878
1027	5.668295	5.999014
1028	3.939606	5.307428
1029	5.507885	6.294708
1030	4.931283	4.587999
1031	4.093718	5.934122
1032	5.558865	5.371794
1033	4.857037	5.318286
1034	4.309394	5.170515
1035	5.977439	3.809895
1036	6.197627	4.264923
1037	5.396335	5.322622
1038	4.363072	6.284693
1039	4.606818	3.583668
1040	4.165585	5.723361
1041	4.953972	5.144099
1042	4.182119	5.289635
1043	5.704897	4.263068
1044	4.865985	5.275809
1045	5.829407	3.902790
1046	5.128590	7.415471
1047	4.338251	4.371900
1048	5.444189	3.427850
1049	3.384985	5.547468
1050	4.671843	5.173644
1051	4.252521	4.972648
1052	5.480060	5.533946
1053	5.493036	4.301002
1054	5.102471	4.302451
1055	4.056491	3.714275
1056	4.072796	3.501889
1057	4.368853	7.643378
1058	5.065080	4.665947
1059	5.662380	6.624945
1060	4.839303	6.149205
1061	4.754860	4.485479
1062	3.856711	5.318732
1063	4.759629	5.609801
1064	6.591874	5.852107
1065	5.386236	5.467848
1066	5.515742	5.031179
1067	5.408809	3.894523
1068	5.436123	6.334582
1069	4.459837	4.965395
1070	2.613444	5.517136
1071	4.813402	4.102464
1072	3.686042	4.757458
1073	4.415449	4.244486
1074	4.360055	4.829943
1075	5.073138	2.498675
1076	6.127958	5.746269
1077	4.912007	6.757741
1078	4.289886	3.240595
1079	5.296545	6.366425
1080	4.874019	5.441535
1081	6.324240	4.958357
1082	4.096542	3.462077
1083	4.733505	4.240966
1084	6.091409	5.051360
1085	5.164121	4.519433
1086	5.414380	5.150742
1087	3.669455	4.797956
1088	5.863440	5.759852
1089	4.502907	3.241060
1090	3.661432	3.541090
1091	4.500540	5.316188
1092	3.930112	4.805415
1093	6.777029	6.485045
1094	6.341603	6.385181
1095	7.967871	4.802280
1096	4.612097	6.417894
1097	6.484684	4.791112
1098	4.904394	5.754918
1099	4.640996	6.007722
1100	3.281018	4.469354
1101	4.155751	4.456922
1102	4.024464	3.835079
1103	5.691328	4.698181
1104	3.559627	3.486334
1105	5.826161	5.679186
1106	3.368119	4.050100
1107	8.084205	2.922832
1108	5.411715	3.477176
1109	3.612317	5.934233
1110	5.999077	3.711968
1111	5.602979	6.658731
1112	5.219036	3.384192
1113	4.423036	3.755092
1114	5.537811	4.877815
1115	6.629612	6.184681
1116	3.472256	4.594243
1117	5.481916	5.758606
1118	4.498733	3.688359
1119	5.214627	6.153952
1120	3.732689	7.093531
1121	2.928702	4.962896
1122	6.313206	6.033640
1123	7.328399	5.007467
1124	5.150931	4.233476
1125	4.895041	5.192786
1126	6.620624	4.201480
1127	5.734866	3.217191
1128	3.006104	4.631416
1129	5.620239	2.618371
1130	4.119657	4.376031
1131	4.485873	4.483466
1132	5.305590	4.822892
1133	5.119913	3.657340
1134	7.284662	5.080728
1135	2.421817	5.667428
1136	4.448958	3.258730
1137	5.447956	5.383384
1138	5.891263	5.973477
1139	4.966211	5.081473
1140	7.058839	5.691958
1141	4.966676	4.484189
1142	4.754096	4.908326
1143	4.502688	4.827848
1144	5.787652	4.390030
1145	5.848886	5.692362
1146	5.198151	4.806345
1147	4.987175	4.964673
1148	6.211204	5.783873
1149	5.963928	4.607411
1150	7.549071	2.041415
1151	5.847315	6.621812
1152	4.931866	4.438666
1153	4.315491	6.499812
1154	4.994131	3.926617
1155	4.540483	3.642354
1156	5.974643	3.574745
1157	4.385229	6.717101
1158	4.385002	5.718533
1159	4.776276	5.665049
1160	6.158725	8.168888
1161	6.667326	6.106775
1162	4.422340	5.571899
1163	4.897766	6.326285
1164	3.274519	7.154862
1165	4.264548	5.926276
1166	3.430499	4.142486
1167	5.360813	6.073501
1168	5.410980	3.697474
1169	5.444258	5.482873
1170	3.957044	4.445861
1171	4.409915	5.359922
1172	5.917789	6.261592
1173	5.505712	5.637356
1174	4.537922	5.215777
1175	4.710390	4.911032
1176	5.862487	7.114652
1177	5.393078	7.539806
1178	4.399767	4.577070
1179	5.693758	4.204065
1180	6.936354	4.647948
1181	4.303691	7.103629
1182	6.269740	4.620346
1183	5.158479	3.652355
1184	3.955715	6.195042
1185	4.771481	5.559187
1186	4.390352	5.065789
1187	4.397058	3.717451
1188	6.248107	6.065213
1189	4.266118	2.861825
1190	3.467174	4.965350
1191	4.120883	3.990617
1192	5.292288	5.230812
1193	5.206481	6.469392
1194	4.823300	5.378777
1195	6.482830	4.884151
1196	3.173321	3.150970
1197	5.490749	4.854940
1198	4.245167	5.165730
1199	5.741318	5.694630
1200	6.447851	6.578628
1201	3.598347	3.592004
1202	4.620537	4.128574
1203	6.593605	6.017390
1204	6.156834	5.921463
1205	6.479396	5.869206
1206	4.010593	5.457570
1207	3.150891	4.668329
1208	6.710267	5.778231
1209	4.814735	4.944995
1210	5.125374	4.365939
1211	4.398117	5.079778
1212	4.930541	4.886358
1213	5.619554	6.164514
1214	4.894694	4.978068
1215	4.558789	4.718993
1216	6.482533	5.705334
1217	6.321234	5.839489
1218	6.749524	5.813499
1219	3.782646	5.283621
1220	5.739157	3.104806
1221	4.671796	4.992775
1222	5.640354	7.083407
1223	4.739311	4.579320
1224	6.166548	4.445222
1225	7.015025	2.716467
1226	5.226240	7.267144
1227	5.953314	3.775554
1228	7.683021	3.395396
1229	2.363207	5.988393
1230	5.337469	4.601662
1231	5.581863	5.073127
1232	5.147266	5.475791
1233	3.989092	4.799632
1234	4.262129	5.530173
1235	3.755887	4.479892
1236	4.953799	4.207058
1237	5.495213	5.772931
1238	3.744564	5.352420
1239	4.537578	5.398789
1240	3.517327	5.186614
1241	4.185294	5.233747
1242	5.163748	6.150131
1243	5.432098	4.343693
1244	5.906846	4.529728
1245	7.124389	5.169859
1246	5.541440	6.487734
1247	5.373684	3.761093
1248	4.433624	4.590940
1249	5.452705	5.098518
1250	3.272223	5.256424
1251	4.795245	6.011201
1252	5.109451	3.873667
1253	4.903886	7.601992
1254	4.096043	4.015062
1255	5.578493	4.914203
1256	5.722873	5.054340
1257	6.451570	4.035059
1258	4.953002	5.515369
1259	4.402954	5.589844
1260	4.684872	5.585385
1261	5.001332	5.303274
1262	6.117659	4.264669
1263	6.267730	5.390896
1264	4.122990	6.591967
1265	5.802134	7.409778
1266	6.805475	5.484535
1267	3.920731	5.714163
1268	4.845870	4.603197
1269	4.737205	3.088479
1270	5.911388	6.673970
1271	4.044932	4.535473
1272	4.762286	4.565598
1273	6.653212	6.450664
1274	5.579309	5.302488
1275	6.342726	6.310934
1276	4.998454	6.137781
1277	4.727279	3.151623
1278	5.430119	5.587931
1279	1.747351	3.857889
1280	4.413841	5.049640
1281	4.747010	4.419599
1282	3.996137	6.157802
1283	4.156332	6.251196
1284	4.787054	2.933990
1285	7.507644	4.685566
1286	6.226539	4.642681
1287	4.690875	6.169144
1288	5.763160	4.441262
1289	5.155056	5.208195
1290	4.385679	5.491856
1291	4.437012	4.341592
1292	5.929122	4.886961
1293	5.510156	5.315265
1294	5.103873	4.716262
1295	6.047867	3.457663
1296	6.025935	5.245490
1297	3.888732	4.757083
1298	3.190533	4.486444
1299	4.072155	5.452824
1300	3.280802	3.143539
1301	4.933936	3.431337
1302	4.295947	4.725440
1303	8.727536	2.993957
1304	5.756246	4.249698
1305	5.414300	6.908416
1306	5.785978	4.995467
1307	5.269829	5.659899
1308	6.917235	4.227940
1309	1.529787	5.423258
1310	5.427819	4.402556
1311	5.409111	6.492837
1312	5.358402	4.550675
1313	5.127222	4.791070
1314	5.894299	3.982064
1315	4.926871	6.644245
1316	5.159062	4.892478
1317	4.535641	5.958225
1318	5.867383	5.007030
1319	6.949867	3.414619
1320	6.531749	6.210717
1321	5.573716	4.481022
1322	4.762815	4.715467
1323	5.128606	5.099731
1324	4.691994	5.697843
1325	4.986992	5.820377
1326	5.686905	4.706021
1327	4.157859	5.266382
1328	4.542902	4.038269
1329	5.114312	5.752490
1330	5.481782	4.293331
1331	4.928307	3.555716
1332	5.059531	5.656892
1333	6.603121	7.471912
1334	5.910353	3.702034
1335	6.181033	4.500556
1336	6.088960	5.587430
1337	4.858471	5.953789
1338	4.398097	4.875339
1339	5.340222	6.911699
1340	5.823423	4.074432
1341	5.635405	5.777081
1342	4.439034	3.135162
1343	5.695423	3.880334
1344	6.822210	5.100889
1345	6.711559	4.194649
1346	5.643700	4.987336
1347	4.812887	5.117640
1348	4.176254	5.481997
1349	4.279147	5.277391
1350	4.615334	5.293593
1351	5.697816	4.453111
1352	4.906739	5.920284
1353	4.513435	4.541707
1354	6.244565	6.045587
1355	5.204855	5.553373
1356	6.007029	6.163422
1357	4.404664	4.114912
1358	4.765652	4.232755
1359	2.930485	5.194914
1360	6.470884	5.692350
1361	4.900399	4.289341
1362	4.907755	7.283642
1363	4.828644	3.923746
1364	5.946073	4.973984
1365	7.015082	6.885266
1366	4.180474	4.110262
1367	5.636373	6.538081
1368	4.782446	4.739069
1369	3.777590	6.842392
1370	6.174225	6.044059
1371	4.539920	6.829893
1372	3.683687	4.994999
1373	4.858330	6.834628
1374	3.921839	4.425495
1375	3.970017	4.600418
1376	5.240330	6.487834
1377	4.102427	5.845662
1378	5.494482	4.947691
1379	4.416375	5.832158
1380	4.907312	5.822481
1381	5.229573	5.831642
1382	5.440316	3.427797
1383	5.609789	4.725261
1384	5.284920	4.861315
1385	5.403572	5.145235
1386	3.624512	5.427546
1387	7.955992	4.570355
1388	5.586791	4.656291
1389	4.331122	4.025201
1390	3.783128	3.525856
1391	4.721623	6.023220
1392	5.244414	5.578086
1393	5.947743	5.768612
1394	4.870588	6.776185
1395	2.548487	3.165141
1396	5.583818	4.610449
1397	5.205494	6.025453
1398	4.752942	4.670168
1399	6.043144	5.545506
1400	4.699780	6.686465
1401	4.370628	4.630499
1402	4.367204	6.552384
1403	3.163884	6.624209
1404	6.553265	6.957320
1405	6.832894	4.698601
1406	6.505042	6.286562
1407	5.093413	5.034303
1408	4.965380	4.370108
1409	2.723703	6.329260
1410	4.736580	4.718543
1411	6.594510	6.099940
1412	5.241446	4.879337
1413	5.281970	4.332136
1414	3.545925	4.790156
1415	5.021559	5.275452
1416	4.237075	6.957011
1417	5.576299	6.637676
1418	6.721699	5.517103
1419	5.433714	4.998906
1420	4.699074	4.592382
1421	5.073312	4.657613
1422	3.775263	4.963416
1423	6.080666	3.314275
1424	4.653063	5.908713
1425	2.110829	5.513953
1426	5.478256	5.939880
1427	4.695035	6.050447
1428	5.932276	5.763007
1429	5.091153	6.584245
1430	5.969725	4.796201
1431	4.171738	3.413924
1432	4.937059	3.737893
1433	6.349836	5.904059
1434	3.574934	6.562032
1435	5.597855	6.993364
1436	5.390146	5.941744
1437	5.183913	5.363863
1438	6.931716	5.020704
1439	4.604539	5.602363
1440	5.201388	6.122252
1441	4.537415	6.290398
1442	4.316240	6.897549
1443	6.017982	5.048706
1444	4.723834	6.102091
1445	5.897766	4.111173
1446	5.230681	5.958824
1447	3.725799	5.146924
1448	5.302157	4.775530
1449	5.735108	6.009689
1450	5.657729	3.680501
1451	4.816760	4.176644
1452	3.765602	4.171977
1453	5.900500	4.421619
1454	4.052378	6.695308
1455	4.806329	6.552154
1456	4.384326	4.482072
1457	5.371516	4.317555
1458	2.796578	6.881699
1459	5.081991	3.976567
1460	4.184864	5.626697
1461	4.345932	6.335856
1462	4.268330	6.360551
1463	3.584127	4.219372
1464	4.001297	5.188874
1465	4.171017	4.667842
1466	4.510014	5.018158
1467	6.508705	2.743852
1468	5.344636	6.458863
1469	4.302485	4.677258
1470	3.908676	4.476803
1471	3.016286	4.222969
1472	5.447805	4.749578
1473	4.775309	3.695709
1474	5.771841	4.365670
1475	3.954796	7.089270
1476	3.291816	3.554326
1477	4.824478	3.351137
1478	5.819171	4.748195
1479	7.482673	6.046215
1480	4.302919	3.071412
1481	5.696103	5.655268
1482	4.950023	5.079103
1483	5.587086	4.775807
1484	4.362323	3.764088
1485	4.649892	5.793861
1486	5.020147	4.779061
1487	4.689546	4.956534
1488	4.784872	4.390338
1489	5.726848	4.770246
1490	4.869286	3.069125
1491	5.455662	4.536771
1492	6.655692	6.005506
1493	5.281856	4.300807
1494	5.362275	6.230193
1495	6.060365	6.532514
1496	4.867186	5.519181
1497	4.012765	5.852786
1498	5.018362	4.559225
1499	5.645979	4.818923
1500	6.700174	5.332576
1501	3.500285	6.069212
1502	6.163030	3.826502
1503	6.697388	3.255237
1504	6.520904	4.834789
1505	3.581515	6.126689
1506	2.655433	5.464785
1507	5.268292	5.576126
1508	4.322372	4.380545
1509	4.542811	5.110186
1510	4.557765	5.376478
1511	4.117231	4.391995
1512	6.067379	4.350597
1513	5.140156	5.054290
1514	3.516036	6.304917
1515	4.367027	3.206120
1516	5.232591	3.801646
1517	4.286118	6.648565
1518	3.687893	4.564764
1519	5.122876	4.209046
1520	3.889429	3.589945
1521	2.751173	4.486979
1522	4.576625	5.455017
1523	4.321893	4.379181
1524	5.311462	6.978274
1525	5.427907	3.311881
1526	3.534218	4.496301
1527	3.412367	5.741682
1528	4.051921	4.673391
1529	4.318167	5.188833
1530	4.177829	5.555205
1531	4.618504	4.725041
1532	6.449694	5.037196
1533	3.347539	6.972070
1534	5.051997	4.249829
1535	3.819766	5.216975
1536	4.193046	5.701011
1537	5.687642	3.965658
1538	4.736368	3.963705
1539	4.237617	4.200219
1540	5.155804	5.718336
1541	4.413434	4.892243
1542	3.962631	6.126823
1543	4.803173	4.044016
1544	5.919576	5.937859
1545	6.471224	3.074951
1546	4.571551	3.955366
1547	4.734056	6.277384
1548	4.627092	5.239728
1549	3.520330	5.196049
1550	6.360854	4.329492
1551	5.537733	6.296709
1552	5.043895	4.465357
1553	5.555508	5.837897
1554	4.629762	6.553493
1555	5.395407	5.946154
1556	6.176145	5.601816
1557	7.591572	3.816296
1558	7.202921	5.092298
1559	4.373881	5.822443
1560	2.939929	5.541026
1561	3.396565	3.636531
1562	6.356501	5.156963
1563	4.743166	4.614028
1564	5.499599	4.931681
1565	4.676948	5.220479
1566	5.652503	5.667844
1567	5.051606	5.562618
1568	4.453150	3.672785
1569	3.545403	3.898350
1570	3.961791	5.366921
1571	5.913602	4.204574
1572	3.723667	4.950098
1573	5.212213	5.162053
1574	4.904077	4.752115
1575	6.928402	5.458823
1576	4.951893	3.324999
1577	3.471997	4.950587
1578	5.037678	4.082489
1579	5.777322	3.978772
1580	3.508140	7.519041
1581	5.613656	4.124486
1582	4.666962	4.339156
1583	6.146841	5.126017
1584	6.347453	6.271467
1585	3.871608	4.629437
1586	5.108998	4.195116
1587	4.723172	5.047683
1588	3.149156	5.605069
1589	5.248620	5.722634
1590	5.382078	5.112129
1591	3.282349	4.601322
1592	5.473622	6.700692
1593	4.690950	5.661969
1594	3.331009	5.770782
1595	4.608507	5.631479
1596	4.531159	5.113108
1597	3.571393	5.427726
1598	5.866433	3.610915
1599	6.526032	5.140991
1600	5.128691	5.666701
1601	4.906049	5.696375
1602	4.258022	5.887988
1603	6.952323	4.940022
1604	3.706713	4.990361
1605	4.318014	4.048875
1606	6.303893	5.036322
1607	5.459670	3.386782
1608	5.323185	5.477007
1609	5.068040	3.203895
1610	4.123895	4.246981
1611	6.901812	4.835494
1612	4.324364	6.778418
1613	5.984091	2.720270
1614	5.613251	5.167681
1615	5.024456	5.074440
1616	2.187681	6.007901
1617	4.913111	5.427772
1618	5.413860	3.728277
1619	4.605951	5.117965
1620	5.308641	4.695392
1621	5.618849	6.922831
1622	6.340534	6.127753
1623	7.759260	4.163852
1624	4.987140	5.724259
1625	5.291462	5.467587
1626	5.362858	4.412100
1627	5.542738	4.278459
1628	5.417645	5.301590
1629	4.532035	6.079962
1630	5.371667	5.628741
1631	5.207260	5.887753
1632	6.055695	4.713451
1633	6.448776	5.000406
1634	5.175125	4.386217
1635	4.408784	4.533665
1636	3.778670	3.817142
1637	3.689184	5.117517
1638	3.030111	5.244586
1639	4.123977	5.705017
1640	4.214547	3.276023
1641	5.557360	4.766788
1642	6.402823	4.702897
1643	4.900302	4.833854
1644	5.542229	6.532836
1645	4.549270	4.239813
1646	5.079671	3.974172
1647	6.315763	3.931693
1648	4.905264	5.086205
1649	4.189041	4.110699
1650	3.322545	4.524040
1651	2.534337	3.961895
1652	5.251902	5.787535
1653	4.963598	4.282627
1654	4.183601	4.938441
1655	6.932580	5.346095
1656	5.239922	4.545278
1657	4.755752	4.424180
1658	4.986171	5.493741
1659	5.379930	4.796666
1660	5.959182	5.652967
1661	5.947562	4.350404
1662	5.318081	4.705219
1663	2.675821	4.369888
1664	6.213375	5.421862
1665	3.746950	5.923596
1666	4.710938	4.177468
1667	5.091284	3.559664
1668	2.602915	3.367195
1669	6.558845	5.500215
1670	4.143167	4.898097
1671	4.477857	4.786637
1672	6.234609	5.280273
1673	7.179071	5.740948
1674	4.758238	4.968348
1675	5.364161	7.026544
1676	5.283986	3.324081
1677	5.245392	4.926928
1678	5.035485	4.166589
1679	5.488633	5.841504
1680	4.941533	4.984470
1681	5.909582	5.412604
1682	5.242370	3.481546
1683	6.068136	4.074967
1684	4.070185	5.366391
1685	5.012063	5.147059
1686	4.096179	4.882270
1687	7.208466	4.330678
1688	4.996595	2.500007
1689	5.339755	5.813311
1690	3.960289	5.345870
1691	4.938653	5.023981
1692	4.123494	5.923198
1693	3.247797	6.558693
1694	5.837606	4.865546
1695	6.216680	4.093846
1696	6.234522	6.521477
1697	4.483780	5.126975
1698	5.777779	5.823969
1699	5.983856	3.901419
1700	5.486217	3.382680
1701	4.196056	3.905556
1702	5.792911	3.356911
1703	4.985934	5.072663
1704	5.695823	5.189251
1705	5.042165	4.325370
1706	4.950405	4.839531
1707	5.334484	3.820466
1708	6.508631	6.055987
1709	4.878490	3.522449
1710	4.370333	3.801162
1711	4.704201	6.187205
1712	4.935362	3.298970
1713	4.699228	7.753990
1714	3.889785	7.240440
1715	5.780045	3.192206
1716	5.388422	4.830486
1717	5.242900	3.871998
1718	4.668218	4.903502
1719	5.514813	3.393640
1720	3.970378	6.673384
1721	5.867801	6.738461
1722	3.771578	6.391882
1723	5.069852	4.401832
1724	4.416167	4.140589
1725	3.616374	4.657205
1726	5.045718	5.366096
1727	4.687819	4.370510
1728	4.626015	3.898556
1729	4.148902	5.592971
1730	2.865389	5.847196
1731	5.797743	4.949636
1732	4.447069	3.242323
1733	4.903019	7.050318
1734	4.029705	3.997610
1735	6.706357	5.384914
1736	5.947651	5.106791
1737	4.392604	5.746170
1738	6.122675	4.393197
1739	5.730588	3.853975
1740	4.408889	4.948920
1741	5.998898	4.949674
1742	4.876473	6.025774
1743	4.478965	4.335534
1744	6.090512	5.364846
1745	4.669794	3.074466
1746	3.998104	3.465964
1747	5.808650	5.919502
1748	4.339866	2.790119
1749	3.475157	5.253328
1750	6.675556	6.260341
1751	5.954727	4.907459
1752	6.269538	3.747890
1753	5.102151	6.041412
1754	3.999388	5.948598
1755	6.402883	6.594584
1756	6.662974	6.331091
1757	3.216035	5.009820
1758	5.934169	4.283008
1759	5.854790	6.215106
1760	4.039184	4.343588
1761	4.741698	3.328794
1762	6.707219	4.937281
1763	7.088786	4.791203
1764	4.238550	4.063056
1765	5.062963	3.382718
1766	3.892671	5.304690
1767	6.719310	6.474926
1768	5.261734	4.721008
1769	5.446282	4.805045
1770	7.952450	6.103382
1771	4.795092	6.147223
1772	3.975515	3.880140
1773	5.405577	3.726580
1774	5.052681	4.651066
1775	5.263299	5.352039
1776	4.411588	3.378812
1777	5.295242	5.357424
1778	4.855554	4.818319
1779	5.912423	3.685297
1780	5.331191	4.276961
1781	3.932976	4.931660
1782	4.765509	5.352970
1783	4.685833	2.842866
1784	5.574592	6.776033
1785	3.010012	4.217983
1786	7.040735	4.090195
1787	3.688416	5.299134
1788	3.709707	4.553263
1789	4.734676	6.788545
1790	5.086967	4.095332
1791	5.610261	5.189438
1792	5.231729	4.213159
1793	5.356186	4.944720
1794	4.605145	4.654460
1795	5.616948	4.772644
1796	4.643124	4.122413
1797	4.024738	4.328382
1798	5.216905	2.953284
1799	4.494648	5.530719
1800	4.489100	3.773271
1801	4.167647	5.405743
1802	5.112063	5.239404
1803	5.063087	4.094706
1804	5.155647	3.624092
1805	3.582708	5.116352
1806	5.022292	6.028546
1807	2.636353	6.254651
1808	4.965014	4.234475
1809	5.198569	3.981650
1810	4.474528	4.409379
1811	4.926562	3.778879
1812	3.119252	6.820665
1813	4.803294	4.539487
1814	5.824350	5.438613
1815	6.831030	5.015494
1816	3.866587	5.823908
1817	5.797203	4.464255
1818	6.006093	4.771008
1819	5.593383	4.861705
1820	4.401519	6.056977
1821	6.043176	5.642389
1822	3.723786	6.540278
1823	5.492279	5.968681
1824	4.923037	3.477035
1825	5.094565	3.987983
1826	6.534646	3.001260
1827	3.719972	4.291205
1828	4.527466	4.887907
1829	4.673954	4.421785
1830	4.877590	4.042769
1831	5.012896	6.386788
1832	6.204228	4.333717
1833	5.116652	6.213454
1834	4.284008	5.784184
1835	4.767592	4.640848
1836	5.218085	7.295274
1837	3.644650	6.175596
1838	4.458117	4.929910
1839	4.302264	5.229266
1840	4.937597	3.773207
1841	5.172430	5.692330
1842	6.545784	3.995108
1843	4.209810	5.970876
1844	5.644294	4.969283
1845	6.401720	3.865181
1846	4.519365	6.895835
1847	5.481477	4.403176
1848	4.843659	4.110222
1849	4.875163	5.045955
1850	5.907747	4.174045
1851	4.545088	3.849486
1852	5.384088	3.466770
1853	4.774167	4.500435
1854	4.656556	5.712447
1855	5.027695	4.558261
1856	5.091697	5.074574
1857	6.377012	5.000699
1858	5.188751	5.054719
1859	2.999578	4.742237
1860	5.855583	5.040285
1861	3.385324	5.384949
1862	6.347543	6.762043
1863	4.882171	6.100459
1864	3.840498	5.758136
1865	5.678174	6.074104
1866	4.960956	4.844659
1867	4.406013	2.911109
1868	4.163759	4.851971
1869	5.488670	4.932434
1870	5.457648	5.243455
1871	3.523400	3.457782
1872	5.927148	4.682757
1873	5.066454	4.067187
1874	4.165518	4.859770
1875	5.932093	4.790070
1876	5.453731	3.727647
1877	3.386067	4.002198
1878	6.631028	5.875762
1879	4.891412	4.238390
1880	5.875234	6.081655
1881	4.873855	5.069745
1882	2.301608	5.223753
1883	5.378346	5.034948
1884	5.403924	4.333999
1885	2.899459	4.642080
1886	4.846018	6.079313
1887	3.217242	6.273189
1888	6.173206	6.103323
1889	4.551850	4.790575
1890	4.220785	6.448429
1891	3.334401	5.104539
1892	5.152265	3.774964
1893	5.079287	6.882563
1894	5.448678	5.862612
1895	5.343030	4.372246
1896	2.671176	4.831753
1897	4.748924	6.094485
1898	3.700492	5.164504
1899	5.789776	5.267811
1900	3.930723	4.527106
1901	4.615111	5.083335
1902	5.437183	3.392725
1903	5.599107	5.957682
1904	4.669332	4.591784
1905	4.092672	4.508773
1906	1.781011	4.757501
1907	3.410873	5.106041
1908	4.258640	6.968514
1909	6.126134	4.891870
1910	5.260111	6.012143
1911	6.410386	4.347833
1912	3.833476	6.550856
1913	4.929245	6.693636
1914	5.364997	4.778463
1915	4.458568	4.889764
1916	4.987480	5.035153
1917	5.231169	5.889837
1918	5.759476	4.221572
1919	3.901409	5.337978
1920	5.094815	4.703193
1921	4.651282	3.862639
1922	2.868755	4.541032
1923	4.007322	5.438137
1924	4.301732	4.161480
1925	4.052780	4.949008
1926	5.512909	6.243263
1927	5.339175	5.197203
1928	4.320799	5.163513
1929	4.208901	5.722729
1930	5.037668	3.069225
1931	5.171004	5.911891
1932	6.432483	7.119174
1933	4.730917	6.288034
1934	4.100458	5.259754
1935	5.146380	5.732676
1936	4.345224	4.784028
1937	5.128615	4.863309
1938	5.185751	4.611802
1939	5.533541	4.425119
1940	5.778742	5.747059
1941	4.754039	4.638620
1942	6.191748	6.346827
1943	5.213761	6.779500
1944	4.338335	4.015160
1945	4.356984	4.948971
1946	5.487472	3.328950
1947	5.008308	5.523561
1948	4.004957	4.173854
1949	4.539788	3.659302
1950	6.529110	4.875548
1951	5.267716	4.297441
1952	4.413052	5.670790
1953	5.840335	6.133745
1954	6.736452	3.521177
1955	4.846351	4.298196
1956	4.212462	3.078865
1957	4.798747	4.716568
1958	4.118738	5.423991
1959	5.116622	4.725924
1960	4.773597	7.341202
1961	5.715283	5.271336
1962	3.698293	5.722330
1963	3.241283	4.612866
1964	6.724326	4.744469
1965	5.341954	5.463442
1966	4.095873	6.415218
1967	5.388753	6.979315
1968	4.919877	4.830837
1969	5.572152	4.901447
1970	6.179577	4.516264
1971	4.442976	4.949703
1972	4.077344	6.032092
1973	4.502308	3.794521
1974	3.869793	2.193303
1975	4.714826	6.103657
1976	4.618733	3.386750
1977	4.432762	4.780756
1978	5.374230	5.794153
1979	5.969192	5.476550
1980	3.781903	5.748476
1981	4.336784	5.184259
1982	4.727170	5.379747
1983	5.585695	6.205205
1984	3.548363	6.592652
1985	3.899839	4.691897
1986	5.540521	4.766603
1987	4.763708	5.752313
1988	2.734746	3.495926
1989	5.056518	4.794824
1990	3.617949	5.151219
1991	3.641845	4.361705
1992	4.119437	5.364539
1993	5.645570	4.400864
1994	6.505449	7.436064
1995	6.276240	5.767701
1996	4.078744	4.124016
1997	5.211380	5.134592
1998	4.851547	4.242345
1999	3.977722	4.671503
