2000	2
0	-3.002371	-0.076243
1	-3.002371	-0.005655
2	-3.030305	0.437688
3	-3.030305	-0.459201
4	-2.929461	0.394647
5	-2.929461	-0.413211
6	-2.818427	0.566366
7	-2.818427	-0.716210
8	-2.882725	0.859261
9	-2.882725	-0.704218
10	-2.795082	0.781878
11	-2.795082	-0.709114
12	-2.873667	0.956602
13	-2.873667	-0.733629
14	-2.797299	0.826982
15	-2.797299	-0.925623
16	-2.648625	0.930890
17	-2.648625	-1.070495
18	-2.909214	1.093538
19	-2.909214	-1.216357
20	-2.745536	1.088613
21	-2.745536	-1.168498
22	-2.825656	1.210050
23	-2.825656	-1.141687
24	-2.727954	1.254867
25	-2.727954	-1.330890
26	-2.508380	1.327545
27	-2.508380	-1.396048
28	-2.554633	1.380673
29	-2.554633	-1.357058
30	-2.628333	1.176709
31	-2.628333	-1.421395
32	-2.777170	1.468897
33	-2.777170	-1.457346
34	-2.583343	1.606328
35	-2.583343	-1.602713
36	-2.565745	1.615850
37	-2.565745	-1.434833
38	-2.431211	1.522489
39	-2.431211	-1.554553
40	-2.456602	1.535817
41	-2.456602	-1.498131
42	-2.380136	1.611481
43	-2.380136	-1.585178
44	-2.496483	1.717280
45	-2.496483	-1.727009
46	-2.390897	1.665655
47	-2.390897	-1.622672
48	-2.348212	1.634695
49	-2.348212	-1.831421
50	-2.433070	1.732322
51	-2.433070	-1.736160
52	-2.292029	1.964574
53	-2.292029	-1.785302
54	-2.309004	1.837015
55	-2.309004	-1.936904
56	-2.249502	1.897868
57	-2.249502	-1.766270
58	-2.424635	2.066401
59	-2.424635	-2.008737
60	-2.452438	2.003982
61	-2.452438	-1.871774
62	-2.245716	2.032794
63	-2.245716	-2.198632
64	-2.263420	1.885956
65	-2.263420	-1.837985
66	-2.197952	2.055856
67	-2.197952	-2.037647
68	-2.274921	2.187100
69	-2.274921	-2.097237
70	-2.243416	2.190279
71	-2.243416	-2.185714
72	-2.043451	2.123460
73	-2.043451	-2.113742
74	-2.177500	2.102029
75	-2.177500	-1.811466
76	-2.119822	2.075679
77	-2.119822	-2.174078
78	-2.260467	2.227354
79	-2.260467	-2.064547
80	-1.942698	2.139078
81	-1.942698	-2.392109
82	-2.216628	2.348628
83	-2.216628	-2.011951
84	-2.069684	2.219334
85	-2.069684	-2.432218
86	-1.874423	2.287177
87	-1.874423	-2.236024
88	-2.157064	2.353703
89	-2.157064	-2.226501
90	-1.957837	2.164500
91	-1.957837	-2.515863
92	-1.935198	2.259753
93	-1.935198	-2.251153
94	-1.985937	2.412008
95	-1.985937	-2.244015
96	-1.890886	2.238637
97	-1.890886	-2.291038
98	-1.780625	2.271165
99	-1.780625	-2.373587
100	-1.826859	2.315232
101	-1.826859	-2.412782
102	-1.739776	2.486325
103	-1.739776	-2.366504
104	-1.779813	2.679988
105	-1.779813	-2.330219
106	-1.650211	2.576580
107	-1.650211	-2.562177
108	-1.665969	2.347844
109	-1.665969	-2.398299
110	-1.741244	2.536161
111	-1.741244	-2.514045
112	-1.544368	2.528584
113	-1.544368	-2.500090
114	-1.908824	2.570048
115	-1.908824	-2.671212
116	-1.541933	2.637011
117	-1.541933	-2.616998
118	-1.535932	2.770020
119	-1.535932	-2.570363
120	-1.464758	2.594518
121	-1.464758	-2.541324
122	-1.483081	2.596869
123	-1.483081	-2.483644
124	-1.365842	2.675392
125	-1.365842	-2.460858
126	-1.495616	2.560110
127	-1.495616	-2.516411
128	-1.339515	2.590611
129	-1.339515	-2.899166
130	-1.371406	2.800601
131	-1.371406	-2.772904
132	-1.454897	2.459611
133	-1.454897	-2.628312
134	-1.377456	2.620565
135	-1.377456	-2.574827
136	-1.440954	2.884020
137	-1.440954	-2.728303
138	-1.493552	2.686029
139	-1.493552	-2.652671
140	-1.306486	2.845242
141	-1.306486	-2.611244
142	-1.369135	2.669509
143	-1.369135	-2.641538
144	-1.204916	2.682662
145	-1.204916	-2.704074
146	-1.368826	2.745907
147	-1.368826	-2.636488
148	-1.270309	2.650842
149	-1.270309	-2.819201
150	-1.026850	2.843859
151	-1.026850	-3.066163
152	-1.225783	2.788419
153	-1.225783	-2.632757
154	-1.272013	2.954534
155	-1.272013	-2.862684
156	-1.180150	2.704614
157	-1.180150	-2.808987
158	-1.226071	2.822676
159	-1.226071	-2.923101
160	-0.967874	2.854052
161	-0.967874	-2.718025
162	-1.139015	2.992495
163	-1.139015	-2.777146
164	-0.988694	2.703463
165	-0.988694	-2.933675
166	-1.032011	2.621055
167	-1.032011	-2.833864
168	-1.067765	2.640314
169	-1.067765	-2.812090
170	-1.055100	2.780540
171	-1.055100	-2.841383
172	-1.004214	2.865769
173	-1.004214	-3.049032
174	-1.043868	2.835395
175	-1.043868	-2.781340
176	-0.871296	3.026773
177	-0.871296	-2.882705
178	-0.764229	2.815544
179	-0.764229	-2.818244
180	-0.859786	2.739661
181	-0.859786	-2.901093
182	-0.943535	2.915387
183	-0.943535	-2.963054
184	-0.825238	2.966719
185	-0.825238	-2.818461
186	-0.787067	2.871025
187	-0.787067	-3.093713
188	-0.679435	2.925005
189	-0.679435	-2.820821
190	-0.683419	2.756311
191	-0.683419	-2.907875
192	-0.493097	2.894352
193	-0.493097	-2.845145
194	-0.635481	2.945197
195	-0.635481	-3.000900
196	-0.655922	2.817491
197	-0.655922	-2.840544
198	-0.569076	2.898145
199	-0.569076	-2.873771
200	-0.615652	2.962817
201	-0.615652	-2.842580
202	-0.563356	2.895487
203	-0.563356	-2.968836
204	-0.610916	2.902191
205	-0.610916	-3.078993
206	-0.470431	2.862622
207	-0.470431	-2.912653
208	-0.554419	2.908465
209	-0.554419	-2.878988
210	-0.514941	2.895348
211	-0.514941	-3.140206
212	-0.429253	2.896338
213	-0.429253	-3.037352
214	-0.453499	2.924628
215	-0.453499	-3.000313
216	-0.361232	2.832166
217	-0.361232	-3.079352
218	-0.511612	3.134817
219	-0.511612	-3.003664
220	-0.370949	3.217349
221	-0.370949	-2.976080
222	-0.524568	2.880465
223	-0.524568	-2.922146
224	-0.237560	2.998092
225	-0.237560	-3.119404
226	-0.315287	2.929254
227	-0.315287	-2.995051
228	-0.336302	2.907333
229	-0.336302	-2.946613
230	-0.134094	2.903936
231	-0.134094	-3.075387
232	-0.207037	3.104078
233	-0.207037	-2.803255
234	-0.256881	2.987459
235	-0.256881	-3.009599
236	-0.137596	3.035979
237	-0.137596	-3.024349
238	-0.044433	3.133838
239	-0.044433	-2.883409
240	-0.266924	3.081234
241	-0.266924	-3.034423
242	-0.124712	2.940966
243	-0.124712	-2.840979
244	0.072652	2.782372
245	0.072652	-2.742497
246	-0.012475	2.998701
247	-0.012475	-2.946679
248	-0.226750	2.983318
249	-0.226750	-3.103018
250	-0.050053	2.969136
251	-0.050053	-2.996685
252	0.052787	3.039240
253	0.052787	-2.866842
254	0.123843	2.957421
255	0.123843	-3.134804
256	0.015638	3.010087
257	0.015638	-2.894237
258	-0.019021	2.920313
259	-0.019021	-2.977713
260	0.200075	2.780007
261	0.200075	-2.850032
262	0.106658	2.897489
263	0.106658	-3.054144
264	0.242446	2.840180
265	0.242446	-2.849246
266	0.213938	2.848957
267	0.213938	-2.816516
268	0.208400	2.840997
269	0.208400	-3.180879
270	0.165527	2.996258
271	0.165527	-3.035890
272	0.129483	3.004773
273	0.129483	-2.987025
274	0.446790	3.049229
275	0.446790	-2.947554
276	0.562223	2.879921
277	0.562223	-3.003321
278	0.414082	3.149174
279	0.414082	-2.684806
280	0.305485	3.149826
281	0.305485	-2.864303
282	0.460304	3.009037
283	0.460304	-3.245605
284	0.492283	2.863638
285	0.492283	-2.931801
286	0.469063	2.905199
287	0.469063	-2.694966
288	0.480649	3.012495
289	0.480649	-2.961022
290	0.627789	3.021435
291	0.627789	-2.936209
292	0.420217	2.948494
293	0.420217	-2.927737
294	0.514001	3.061999
295	0.514001	-2.971042
296	0.500100	2.989787
297	0.500100	-2.975863
298	0.552638	2.982159
299	0.552638	-2.946287
300	0.686269	2.871141
301	0.686269	-3.029288
302	0.779027	2.850913
303	0.779027	-2.799233
304	0.537427	2.994674
305	0.537427	-2.865246
306	0.647628	2.863247
307	0.647628	-3.000060
308	0.552656	2.877396
309	0.552656	-2.808462
310	0.678577	3.002529
311	0.678577	-3.074403
312	0.671814	3.051991
313	0.671814	-2.934586
314	0.736077	3.046199
315	0.736077	-2.870021
316	0.747234	2.779607
317	0.747234	-2.797359
318	0.854179	3.006206
319	0.854179	-2.713313
320	0.789054	2.959419
321	0.789054	-2.742234
322	0.853712	2.878412
323	0.853712	-2.791706
324	0.925031	2.837160
325	0.925031	-2.911121
326	0.815621	2.800744
327	0.815621	-2.930097
328	0.848485	2.903619
329	0.848485	-2.826723
330	1.129721	2.823561
331	1.129721	-2.925148
332	0.921124	2.722491
333	0.921124	-2.995353
334	1.119021	2.907534
335	1.119021	-2.816456
336	0.860819	2.588618
337	0.860819	-2.559619
338	1.080261	2.910656
339	1.080261	-2.717011
340	1.078592	2.703019
341	1.078592	-2.839004
342	1.034506	2.734186
343	1.034506	-2.927838
344	1.150706	2.717097
345	1.150706	-2.870110
346	1.022674	2.780418
347	1.022674	-2.811512
348	1.070627	2.665358
349	1.070627	-2.768591
350	1.235258	2.750086
351	1.235258	-2.585022
352	1.071859	2.732240
353	1.071859	-2.755578
354	1.306689	2.639113
355	1.306689	-2.777287
356	1.094425	2.627781
357	1.094425	-2.827007
358	1.354184	2.807328
359	1.354184	-2.597001
360	1.301560	2.714763
361	1.301560	-2.806124
362	1.290260	2.579692
363	1.290260	-2.712858
364	1.309012	2.642775
365	1.309012	-2.594078
366	1.390692	2.776187
367	1.390692	-2.501024
368	1.313891	2.633942
369	1.313891	-2.673967
370	1.385321	2.627909
371	1.385321	-2.576262
372	1.595410	2.550048
373	1.595410	-2.623385
374	1.543726	2.613327
375	1.543726	-2.341480
376	1.355483	2.542728
377	1.355483	-2.555109
378	1.763601	2.492708
379	1.763601	-2.596683
380	1.624348	2.522212
381	1.624348	-2.525497
382	1.697284	2.528607
383	1.697284	-2.664962
384	1.596920	2.427313
385	1.596920	-2.493404
386	1.583662	2.556603
387	1.583662	-2.423696
388	1.699300	2.333265
389	1.699300	-2.473833
390	1.549938	2.597390
391	1.549938	-2.642832
392	1.877037	2.500905
393	1.877037	-2.457916
394	1.554428	2.325804
395	1.554428	-2.268598
396	1.879898	2.370497
397	1.879898	-2.444019
398	1.696620	2.478729
399	1.696620	-2.498362
400	1.812428	2.443112
401	1.812428	-2.494960
402	1.808977	2.374495
403	1.808977	-2.208104
404	1.951358	2.515548
405	1.951358	-2.383917
406	2.003757	2.459056
407	2.003757	-2.224771
408	1.787978	2.399377
409	1.787978	-2.528965
410	2.073403	2.211540
411	2.073403	-2.476514
412	2.091141	2.391259
413	2.091141	-2.232858
414	1.894727	2.153500
415	1.894727	-2.254845
416	2.069636	2.172256
417	2.069636	-2.218347
418	2.086628	2.217164
419	2.086628	-2.153351
420	2.134261	2.275316
421	2.134261	-2.272737
422	1.947029	2.053464
423	1.947029	-2.214694
424	1.989279	2.192310
425	1.989279	-2.107269
426	2.222260	1.978149
427	2.222260	-2.133182
428	2.010672	1.926439
429	2.010672	-2.241508
430	2.210464	2.076998
431	2.210464	-1.993231
432	2.160569	1.909725
433	2.160569	-2.038416
434	2.242106	1.921784
435	2.242106	-2.023549
436	2.240507	2.028749
437	2.240507	-1.886151
438	2.235850	1.956469
439	2.235850	-1.849461
440	2.209770	1.949450
441	2.209770	-1.888735
442	2.327708	1.930532
443	2.327708	-1.866330
444	2.339619	1.849683
445	2.339619	-2.037514
446	2.278264	1.869954
447	2.278264	-1.852633
448	2.381685	1.856069
449	2.381685	-1.775998
450	2.409244	1.784156
451	2.409244	-1.837278
452	2.443846	1.782569
453	2.443846	-1.848175
454	2.471470	1.776830
455	2.471470	-1.884541
456	2.555037	1.626863
457	2.555037	-1.807794
458	2.556990	1.841457
459	2.556990	-1.540135
460	2.392000	1.749373
461	2.392000	-1.813835
462	2.478247	1.611104
463	2.478247	-1.548966
464	2.700309	1.587460
465	2.700309	-1.561262
466	2.611772	1.601342
467	2.611772	-1.427147
468	2.509656	1.512901
469	2.509656	-1.612974
470	2.728763	1.424285
471	2.728763	-1.777886
472	2.615847	1.361365
473	2.615847	-1.450067
474	2.650572	1.337926
475	2.650572	-1.381040
476	2.820498	1.226067
477	2.820498	-1.148326
478	2.831982	1.087725
479	2.831982	-1.191870
480	2.771449	1.038430
481	2.771449	-1.099597
482	2.896071	1.189403
483	2.896071	-1.105528
484	2.884536	1.086381
485	2.884536	-1.126137
486	2.852460	1.055329
487	2.852460	-0.875952
488	2.913698	0.807215
489	2.913698	-0.941260
490	3.003116	0.759606
491	3.003116	-0.951398
492	2.891769	0.805855
493	2.891769	-0.931501
494	3.206669	0.599444
495	3.206669	-0.531133
496	3.071663	0.609193
497	3.071663	-0.508505
498	2.903584	0.462132
499	2.903584	-0.335263
500	-1.460313	0.102871
501	-1.460313	0.022682
502	-1.549449	0.147701
503	-1.549449	-0.149977
504	-1.542169	0.314163
505	-1.542169	-0.189911
506	-1.412769	0.328345
507	-1.412769	-0.293836
508	-1.590743	0.392797
509	-1.590743	-0.409673
510	-1.410771	0.486663
511	-1.410771	-0.428918
512	-1.559716	0.359845
513	-1.559716	-0.379896
514	-1.354520	0.423485
515	-1.354520	-0.512205
516	-1.401515	0.816059
517	-1.401515	-0.639608
518	-1.395649	0.548753
519	-1.395649	-0.684087
520	-1.308906	0.495612
521	-1.308906	-0.563765
522	-1.430413	0.662691
523	-1.430413	-0.785912
524	-1.430388	0.735317
525	-1.430388	-0.647138
526	-1.220049	0.591274
527	-1.220049	-0.598612
528	-1.354192	0.642440
529	-1.354192	-0.711526
530	-1.325907	0.671531
531	-1.325907	-0.809837
532	-1.306734	0.724793
533	-1.306734	-0.820564
534	-1.108470	0.658625
535	-1.108470	-0.818261
536	-1.236263	0.803027
537	-1.236263	-0.646284
538	-1.236064	0.899153
539	-1.236064	-0.885488
540	-1.268270	0.732379
541	-1.268270	-0.751264
542	-1.220672	0.713439
543	-1.220672	-0.761572
544	-1.142410	0.809783
545	-1.142410	-0.800058
546	-1.260166	0.959161
547	-1.260166	-0.851288
548	-1.068240	0.688226
549	-1.068240	-0.827037
550	-1.354861	1.041465
551	-1.354861	-0.892242
552	-1.115088	0.979294
553	-1.115088	-0.902745
554	-1.188217	1.156368
555	-1.188217	-0.905354
556	-1.068719	0.879651
557	-1.068719	-1.019364
558	-1.123531	1.157230
559	-1.123531	-1.232080
560	-0.959056	0.960046
561	-0.959056	-0.908640
562	-1.147109	0.901548
563	-1.147109	-1.011279
564	-1.087403	1.139753
565	-1.087403	-0.893281
566	-0.986236	1.000186
567	-0.986236	-1.037742
568	-1.095965	1.138925
569	-1.095965	-1.179063
570	-1.195529	0.996727
571	-1.195529	-1.033296
572	-1.078646	1.103103
573	-1.078646	-0.993515
574	-1.152894	1.044854
575	-1.152894	-1.111241
576	-0.849815	1.118633
577	-0.849815	-1.289842
578	-0.973753	0.954121
579	-0.973753	-1.194963
580	-1.000206	1.033081
581	-1.000206	-1.119560
582	-0.910005	1.046636
583	-0.910005	-1.056740
584	-0.809354	1.032474
585	-0.809354	-1.198483
586	-0.851546	1.126304
587	-0.851546	-1.080855
588	-1.012426	0.989651
589	-1.012426	-1.056849
590	-1.014722	1.064342
591	-1.014722	-1.156531
592	-0.875303	1.277851
593	-0.875303	-1.049411
594	-0.735040	1.103698
595	-0.735040	-1.233933
596	-0.904648	1.255252
597	-0.904648	-1.212515
598	-0.881772	1.159435
599	-0.881772	-1.089391
600	-0.820132	1.269538
601	-0.820132	-1.429161
602	-1.026261	1.175809
603	-1.026261	-1.202724
604	-0.886242	1.237386
605	-0.886242	-1.195229
606	-0.774971	1.165938
607	-0.774971	-1.252091
608	-0.812881	1.214887
609	-0.812881	-1.354420
610	-0.916887	1.422713
611	-0.916887	-1.372589
612	-0.812376	1.273765
613	-0.812376	-1.023953
614	-0.788500	1.210237
615	-0.788500	-1.263728
616	-0.767572	1.498253
617	-0.767572	-1.325274
618	-0.779351	1.294659
619	-0.779351	-1.262736
620	-0.809074	1.266641
621	-0.809074	-1.452507
622	-0.723353	1.364846
623	-0.723353	-1.213644
624	-0.700871	1.356418
625	-0.700871	-1.138236
626	-0.785804	1.331842
627	-0.785804	-1.345099
628	-0.721376	1.361882
629	-0.721376	-1.324372
630	-0.623955	1.370092
631	-0.623955	-1.402291
632	-0.668500	1.395310
633	-0.668500	-1.271124
634	-0.620980	1.493671
635	-0.620980	-1.272871
636	-0.607185	1.275582
637	-0.607185	-1.294242
638	-0.553808	1.184562
639	-0.553808	-1.365631
640	-0.627104	1.397876
641	-0.627104	-1.336785
642	-0.488647	1.325528
643	-0.488647	-1.324152
644	-0.654742	1.335910
645	-0.654742	-1.387641
646	-0.494748	1.262709
647	-0.494748	-1.408210
648	-0.502215	1.400206
649	-0.502215	-1.397326
650	-0.714287	1.387069
651	-0.714287	-1.460278
652	-0.681403	1.492710
653	-0.681403	-1.544212
654	-0.579080	1.324622
655	-0.579080	-1.364151
656	-0.500833	1.510882
657	-0.500833	-1.295272
658	-0.630801	1.239921
659	-0.630801	-1.233961
660	-0.476558	1.560578
661	-0.476558	-1.495368
662	-0.430645	1.486776
663	-0.430645	-1.643455
664	-0.561284	1.403834
665	-0.561284	-1.373155
666	-0.534697	1.390779
667	-0.534697	-1.250653
668	-0.640978	1.568844
669	-0.640978	-1.447585
670	-0.535374	1.432531
671	-0.535374	-1.505349
672	-0.586879	1.502917
673	-0.586879	-1.497747
674	-0.517462	1.526815
675	-0.517462	-1.410345
676	-0.324989	1.336357
677	-0.324989	-1.514109
678	-0.427768	1.462601
679	-0.427768	-1.428054
680	-0.358455	1.454369
681	-0.358455	-1.476961
682	-0.588379	1.560858
683	-0.588379	-1.444075
684	-0.539838	1.525729
685	-0.539838	-1.385544
686	-0.371989	1.408538
687	-0.371989	-1.512585
688	-0.369492	1.528302
689	-0.369492	-1.454125
690	-0.186409	1.647389
691	-0.186409	-1.443179
692	-0.415349	1.486821
693	-0.415349	-1.446648
694	-0.299045	1.485708
695	-0.299045	-1.458243
696	-0.276291	1.379776
697	-0.276291	-1.368088
698	-0.470725	1.518705
699	-0.470725	-1.448122
700	-0.213129	1.501057
701	-0.213129	-1.456843
702	-0.422398	1.385919
703	-0.422398	-1.509910
704	-0.364978	1.553407
705	-0.364978	-1.333274
706	-0.197806	1.488502
707	-0.197806	-1.573691
708	-0.092856	1.555085
709	-0.092856	-1.332793
710	-0.290479	1.613141
711	-0.290479	-1.312396
712	-0.111608	1.623115
713	-0.111608	-1.402305
714	-0.259228	1.488523
715	-0.259228	-1.559732
716	-0.151695	1.501597
717	-0.151695	-1.434885
718	-0.314924	1.396172
719	-0.314924	-1.459352
720	-0.064619	1.465727
721	-0.064619	-1.297430
722	-0.064334	1.492492
723	-0.064334	-1.442164
724	-0.274162	1.607408
725	-0.274162	-1.571091
726	0.054738	1.388891
727	0.054738	-1.517926
728	-0.021661	1.377558
729	-0.021661	-1.496036
730	-0.216807	1.522426
731	-0.216807	-1.332765
732	0.079483	1.345940
733	0.079483	-1.557920
734	-0.024345	1.490031
735	-0.024345	-1.445910
736	-0.003777	1.507944
737	-0.003777	-1.351264
738	-0.205996	1.564523
739	-0.205996	-1.643027
740	-0.057134	1.446977
741	-0.057134	-1.526982
742	-0.136006	1.395064
743	-0.136006	-1.548119
744	-0.168683	1.465565
745	-0.168683	-1.590879
746	-0.030876	1.687059
747	-0.030876	-1.626600
748	0.032642	1.525961
749	0.032642	-1.534366
750	0.049042	1.433919
751	0.049042	-1.613972
752	0.013224	1.506821
753	0.013224	-1.666416
754	-0.037940	1.493854
755	-0.037940	-1.547245
756	0.108512	1.516550
757	0.108512	-1.452523
758	0.044605	1.452854
759	0.044605	-1.601719
760	0.060790	1.556269
761	0.060790	-1.406965
762	0.227733	1.538410
763	0.227733	-1.474527
764	0.106386	1.568467
765	0.106386	-1.527588
766	0.049073	1.662034
767	0.049073	-1.474622
768	0.028207	1.436625
769	0.028207	-1.420295
770	-0.057799	1.390829
771	-0.057799	-1.284951
772	0.039450	1.577091
773	0.039450	-1.426821
774	0.179960	1.713910
775	0.179960	-1.380110
776	0.093150	1.405196
777	0.093150	-1.424108
778	0.223886	1.545532
779	0.223886	-1.506502
780	0.275341	1.547339
781	0.275341	-1.334396
782	0.233319	1.417932
783	0.233319	-1.365980
784	0.067056	1.468981
785	0.067056	-1.593633
786	0.201207	1.460241
787	0.201207	-1.518957
788	0.233188	1.522796
789	0.233188	-1.531456
790	0.279416	1.363794
791	0.279416	-1.451928
792	0.187263	1.438022
793	0.187263	-1.512707
794	0.151050	1.330123
795	0.151050	-1.483400
796	0.364974	1.528339
797	0.364974	-1.435908
798	0.254397	1.535680
799	0.254397	-1.384406
800	0.272879	1.453748
801	0.272879	-1.473617
802	0.242191	1.484823
803	0.242191	-1.399215
804	0.352658	1.424902
805	0.352658	-1.353268
806	0.125769	1.519563
807	0.125769	-1.420377
808	0.392618	1.300767
809	0.392618	-1.704920
810	0.469977	1.622359
811	0.469977	-1.295599
812	0.311723	1.533126
813	0.311723	-1.608701
814	0.374844	1.455156
815	0.374844	-1.465475
816	0.371555	1.477650
817	0.371555	-1.433354
818	0.551326	1.214155
819	0.551326	-1.298688
820	0.439829	1.301666
821	0.439829	-1.477151
822	0.544884	1.484881
823	0.544884	-1.277049
824	0.485051	1.547461
825	0.485051	-1.494910
826	0.370670	1.391873
827	0.370670	-1.370573
828	0.476187	1.363447
829	0.476187	-1.494971
830	0.460393	1.592684
831	0.460393	-1.369209
832	0.330029	1.448268
833	0.330029	-1.479510
834	0.376973	1.213793
835	0.376973	-1.426984
836	0.534259	1.535516
837	0.534259	-1.387101
838	0.515580	1.305987
839	0.515580	-1.439856
840	0.701419	1.596437
841	0.701419	-1.416558
842	0.617572	1.374507
843	0.617572	-1.412787
844	0.556190	1.417346
845	0.556190	-1.332969
846	0.473396	1.319255
847	0.473396	-1.357733
848	0.587885	1.377217
849	0.587885	-1.228876
850	0.423092	1.444910
851	0.423092	-1.274502
852	0.723581	1.325958
853	0.723581	-1.515539
854	0.695745	1.241752
855	0.695745	-1.337776
856	0.634166	1.425633
857	0.634166	-1.300634
858	0.500492	1.298468
859	0.500492	-1.358481
860	0.679441	1.429141
861	0.679441	-1.386830
862	0.704230	1.315386
863	0.704230	-1.449984
864	0.718582	1.322916
865	0.718582	-1.342158
866	0.687298	1.287431
867	0.687298	-1.200224
868	0.572920	1.278363
869	0.572920	-1.358379
870	0.761270	1.337249
871	0.761270	-1.267644
872	0.739156	1.373456
873	0.739156	-1.187556
874	0.641602	1.173705
875	0.641602	-1.416819
876	0.571981	1.361906
877	0.571981	-1.333839
878	0.716756	1.481784
879	0.716756	-1.401037
880	0.748627	1.301649
881	0.748627	-1.189879
882	0.714929	1.293471
883	0.714929	-1.198560
884	0.753695	1.306180
885	0.753695	-1.193470
886	0.975359	1.276074
887	0.975359	-1.298781
888	0.869060	1.173711
889	0.869060	-1.472553
890	0.848947	1.476041
891	0.848947	-1.294382
892	0.808229	1.225875
893	0.808229	-0.985084
894	0.942959	1.190842
895	0.942959	-1.249197
896	0.934868	1.216589
897	0.934868	-0.971997
898	0.869797	1.092307
899	0.869797	-1.203529
900	0.850853	1.222478
901	0.850853	-1.146038
902	0.896713	1.126257
903	0.896713	-1.232168
904	1.210228	1.209321
905	1.210228	-1.236551
906	0.921726	1.365507
907	0.921726	-1.288291
908	0.979512	0.906019
909	0.979512	-1.372695
910	1.023457	1.117470
911	1.023457	-1.151925
912	0.783808	1.162078
913	0.783808	-1.196251
914	1.055887	1.131632
915	1.055887	-1.140976
916	1.118842	1.182790
917	1.118842	-1.252042
918	0.929763	1.287212
919	0.929763	-1.036406
920	1.093407	0.978682
921	1.093407	-1.200931
922	1.080841	1.047270
923	1.080841	-1.172572
924	1.163706	0.990070
925	1.163706	-1.103215
926	0.920218	0.928565
927	0.920218	-1.230070
928	0.837598	1.130570
929	0.837598	-1.056775
930	1.100257	1.117524
931	1.100257	-0.884592
932	1.081625	1.108520
933	1.081625	-0.795640
934	1.132732	0.906306
935	1.132732	-1.006647
936	1.244414	0.965144
937	1.244414	-1.013241
938	1.111891	1.000703
939	1.111891	-0.957751
940	1.133643	0.803540
941	1.133643	-0.742036
942	1.331268	0.981523
943	1.331268	-0.795711
944	1.276861	0.936567
945	1.276861	-0.919395
946	1.408059	1.118419
947	1.408059	-1.062968
948	1.020735	0.694359
949	1.020735	-0.949016
950	1.377999	0.855338
951	1.377999	-0.788171
952	1.222995	0.947240
953	1.222995	-1.007625
954	1.276279	0.752653
955	1.276279	-0.977114
956	1.228132	0.856800
957	1.228132	-0.925088
958	1.096755	0.838837
959	1.096755	-0.881144
960	1.429017	0.715149
961	1.429017	-0.741526
962	1.259499	0.769107
963	1.259499	-0.882349
964	1.243457	0.784435
965	1.243457	-0.673681
966	1.288852	0.820519
967	1.288852	-0.806162
968	1.347746	0.778545
969	1.347746	-0.808343
970	1.377429	0.750392
971	1.377429	-0.574997
972	1.304423	0.651219
973	1.304423	-0.647686
974	1.383360	0.668128
975	1.383360	-0.619467
976	1.204489	0.751636
977	1.204489	-0.636300
978	1.292622	0.647168
979	1.292622	-0.580424
980	1.422398	0.633357
981	1.422398	-0.551455
982	1.361160	0.560188
983	1.361160	-0.493913
984	1.398064	0.601175
985	1.398064	-0.555548
986	1.617573	0.487072
987	1.617573	-0.515985
988	1.510281	0.437165
989	1.510281	-0.547696
990	1.388906	0.335935
991	1.388906	-0.363525
992	1.473280	0.215274
993	1.473280	-0.397872
994	1.523501	0.407417
995	1.523501	-0.458331
996	1.522340	0.019373
997	1.522340	-0.425062
998	1.514025	-0.006867
999	1.514025	-0.153820
1000	-0.240073	-2.963971
1001	0.052983	-2.963971
1002	0.450548	-2.887212
1003	-0.488737	-2.887212
1004	0.385885	-2.947601
1005	-0.498853	-2.947601
1006	0.808929	-3.051798
1007	-0.671272	-3.051798
1008	0.949927	-3.015828
1009	-0.693053	-3.015828
1010	0.737409	-2.929447
1011	-0.877403	-2.929447
1012	0.980997	-2.740071
1013	-0.901539	-2.740071
1014	0.969244	-2.892217
1015	-0.904754	-2.892217
1016	1.164994	-2.836115
1017	-1.067278	-2.836115
1018	1.232798	-2.845647
1019	-1.132233	-2.845647
1020	1.191318	-2.692027
1021	-1.076848	-2.692027
1022	1.339350	-2.734080
1023	-1.306837	-2.734080
1024	1.484550	-2.821771
1025	-1.137373	-2.821771
1026	1.430551	-2.528428
1027	-1.391974	-2.528428
1028	1.208382	-2.567624
1029	-1.471922	-2.567624
1030	1.193648	-2.759798
1031	-1.455149	-2.759798
1032	1.594880	-2.686018
1033	-1.477433	-2.686018
1034	1.675606	-2.689899
1035	-1.600570	-2.689899
1036	1.624113	-2.701927
1037	-1.212497	-2.701927
1038	1.712779	-2.433370
1039	-1.718779	-2.433370
1040	1.415333	-2.416593
1041	-1.553249	-2.416593
1042	1.693526	-2.489203
1043	-1.587561	-2.489203
1044	1.778801	-2.525931
1045	-1.818385	-2.525931
1046	1.730295	-2.389140
1047	-1.876692	-2.389140
1048	1.559175	-2.419054
1049	-1.835093	-2.419054
1050	1.908661	-2.561005
1051	-2.066114	-2.561005
1052	2.062423	-2.461743
1053	-1.850592	-2.461743
1054	1.831883	-2.196583
1055	-1.980004	-2.196583
1056	1.851525	-2.095004
1057	-1.746456	-2.095004
1058	1.920609	-2.373755
1059	-1.796756	-2.373755
1060	2.009037	-2.350079
1061	-1.764230	-2.350079
1062	1.825596	-2.216048
1063	-1.922639	-2.216048
1064	1.957350	-2.330586
1065	-1.975663	-2.330586
1066	1.852942	-2.314135
1067	-2.038019	-2.314135
1068	2.132060	-1.992647
1069	-1.870796	-1.992647
1070	2.186414	-2.050427
1071	-1.865978	-2.050427
1072	2.066914	-1.994390
1073	-2.035352	-1.994390
1074	2.172744	-2.101171
1075	-2.157414	-2.101171
1076	2.188545	-2.033326
1077	-2.067740	-2.033326
1078	2.327377	-2.032937
1079	-2.338143	-2.032937
1080	2.195487	-2.116542
1081	-2.239702	-2.116542
1082	2.271863	-1.995745
1083	-2.470743	-1.995745
1084	2.106650	-2.107836
1085	-2.338615	-2.107836
1086	2.299161	-1.980964
1087	-2.279485	-1.980964
1088	2.254756	-1.929912
1089	-2.373870	-1.929912
1090	2.239936	-2.071736
1091	-2.419937	-2.071736
1092	2.336833	-2.038719
1093	-2.239829	-2.038719
1094	2.286284	-1.878887
1095	-2.303844	-1.878887
1096	2.337819	-1.773165
1097	-2.443486	-1.773165
1098	2.508984	-1.879322
1099	-2.271081	-1.879322
1100	2.518089	-1.745813
1101	-2.291113	-1.745813
1102	2.335415	-1.766871
1103	-2.473501	-1.766871
1104	2.321377	-1.663620
1105	-2.284352	-1.663620
1106	2.383916	-1.792387
1107	-2.257250	-1.792387
1108	2.339098	-1.553945
1109	-2.332799	-1.553945
1110	2.547465	-1.695224
1111	-2.615789	-1.695224
1112	2.484326	-1.736384
1113	-2.523671	-1.736384
1114	2.700014	-1.695413
1115	-2.574397	-1.695413
1116	2.538247	-1.739044
1117	-2.509637	-1.739044
1118	2.606198	-1.665882
1119	-2.653016	-1.665882
1120	2.715258	-1.419973
1121	-2.681978	-1.419973
1122	2.710490	-1.540194
1123	-2.558839	-1.540194
1124	2.672826	-1.391440
1125	-2.599248	-1.391440
1126	2.780816	-1.506908
1127	-2.724885	-1.506908
1128	2.496637	-1.514717
1129	-2.697657	-1.514717
1130	2.493030	-1.581507
1131	-2.720705	-1.581507
1132	2.655766	-1.427829
1133	-2.664829	-1.427829
1134	2.710897	-1.413348
1135	-2.575560	-1.413348
1136	2.586401	-1.197675
1137	-2.582099	-1.197675
1138	2.670533	-1.355600
1139	-2.666501	-1.355600
1140	2.694272	-1.263133
1141	-2.592130	-1.263133
1142	2.847502	-1.331493
1143	-2.380909	-1.331493
1144	2.853653	-1.258114
1145	-2.753024	-1.258114
1146	2.798919	-1.284021
1147	-2.768980	-1.284021
1148	2.736575	-1.148399
1149	-2.641177	-1.148399
1150	2.704861	-1.191396
1151	-2.610758	-1.191396
1152	2.623250	-1.188210
1153	-2.813631	-1.188210
1154	2.723646	-1.192163
1155	-2.674606	-1.192163
1156	2.837736	-1.072489
1157	-2.675095	-1.072489
1158	2.867078	-0.946934
1159	-2.782653	-0.946934
1160	2.765926	-1.145585
1161	-2.831475	-1.145585
1162	2.790523	-1.130418
1163	-2.857676	-1.130418
1164	2.843583	-1.054156
1165	-2.766449	-1.054156
1166	2.937434	-1.023779
1167	-2.957584	-1.023779
1168	2.840914	-0.875618
1169	-2.664891	-0.875618
1170	2.673965	-0.986303
1171	-2.793464	-0.986303
1172	2.911147	-1.058007
1173	-3.071519	-1.058007
1174	3.013940	-0.875248
1175	-3.004069	-0.875248
1176	2.803028	-0.750061
1177	-2.898915	-0.750061
1178	2.817803	-0.953826
1179	-2.990523	-0.953826
1180	2.910584	-0.805589
1181	-2.855162	-0.805589
1182	3.212477	-0.630199
1183	-2.874700	-0.630199
1184	2.868118	-0.834817
1185	-2.730440	-0.834817
1186	2.895768	-0.807334
1187	-3.041002	-0.807334
1188	2.982320	-0.886725
1189	-2.797039	-0.886725
1190	2.844452	-0.707119
1191	-2.823253	-0.707119
1192	2.977554	-0.591021
1193	-2.916601	-0.591021
1194	3.074153	-0.593241
1195	-2.926009	-0.593241
1196	2.915902	-0.721820
1197	-2.937512	-0.721820
1198	3.135349	-0.783915
1199	-2.850489	-0.783915
1200	3.091188	-0.533823
1201	-2.849368	-0.533823
1202	3.075648	-0.538872
1203	-2.906254	-0.538872
1204	2.913573	-0.623866
1205	-2.874328	-0.623866
1206	2.871020	-0.542999
1207	-2.977599	-0.542999
1208	2.924651	-0.518808
1209	-2.943559	-0.518808
1210	3.125160	-0.344884
1211	-2.962578	-0.344884
1212	2.986450	-0.477056
1213	-2.869466	-0.477056
1214	2.969827	-0.483948
1215	-3.064210	-0.483948
1216	2.929362	-0.331972
1217	-2.923795	-0.331972
1218	2.773919	-0.276042
1219	-3.141114	-0.276042
1220	2.892085	-0.314162
1221	-2.923508	-0.314162
1222	3.013887	-0.245221
1223	-2.896861	-0.245221
1224	3.010890	-0.408407
1225	-3.021385	-0.408407
1226	3.060349	-0.239800
1227	-2.773502	-0.239800
1228	3.028113	-0.336376
1229	-3.029935	-0.336376
1230	2.974041	-0.240935
1231	-2.891919	-0.240935
1232	2.970358	-0.182080
1233	-3.049695	-0.182080
1234	2.657197	-0.175628
1235	-3.004390	-0.175628
1236	2.865449	-0.325981
1237	-2.917893	-0.325981
1238	2.993680	-0.191009
1239	-2.979805	-0.191009
1240	2.820932	-0.172415
1241	-3.003340	-0.172415
1242	3.027018	-0.146495
1243	-2.887544	-0.146495
1244	3.081709	0.001962
1245	-2.899720	0.001962
1246	2.967084	-0.226325
1247	-3.098158	-0.226325
1248	2.938386	0.008777
1249	-2.778200	0.008777
1250	2.916375	-0.013242
1251	-3.046603	-0.013242
1252	3.054550	-0.052749
1253	-3.142530	-0.052749
1254	3.091489	-0.020224
1255	-3.049512	-0.020224
1256	2.760890	0.039010
1257	-3.058502	0.039010
1258	2.905381	-0.000388
1259	-3.048333	-0.000388
1260	3.080358	0.152155
1261	-2.962158	0.152155
1262	2.867231	0.201586
1263	-3.075841	0.201586
1264	3.104438	0.132106
1265	-2.928612	0.132106
1266	3.023370	0.310164
1267	-3.010686	0.310164
1268	2.879203	0.441194
1269	-3.154097	0.441194
1270	2.897716	0.157877
1271	-3.079604	0.157877
1272	2.973925	0.269815
1273	-2.987098	0.269815
1274	2.888492	0.373482
1275	-3.066022	0.373482
1276	2.955937	0.384029
1277	-2.946612	0.384029
1278	3.027165	0.266017
1279	-3.034519	0.266017
1280	3.004905	0.385296
1281	-3.040596	0.385296
1282	3.071155	0.354712
1283	-2.978826	0.354712
1284	3.011202	0.616705
1285	-3.195836	0.616705
1286	2.874188	0.366370
1287	-2.884547	0.366370
1288	2.819862	0.413999
1289	-3.105381	0.413999
1290	2.887150	0.529195
1291	-3.016161	0.529195
1292	2.834457	0.490729
1293	-3.072326	0.490729
1294	2.880212	0.630236
1295	-2.822796	0.630236
1296	2.972440	0.618618
1297	-2.813987	0.618618
1298	2.793628	0.693194
1299	-3.009552	0.693194
1300	3.129089	0.611243
1301	-3.100908	0.611243
1302	2.806217	0.466593
1303	-3.137865	0.466593
1304	3.198029	0.752048
1305	-2.861235	0.752048
1306	2.902775	0.531762
1307	-2.952697	0.531762
1308	2.913074	0.648370
1309	-2.851219	0.648370
1310	2.859281	0.703796
1311	-2.940565	0.703796
1312	2.916136	0.514614
1313	-2.823527	0.514614
1314	2.632585	0.700802
1315	-2.775761	0.700802
1316	2.943224	0.866341
1317	-2.876696	0.866341
1318	2.866746	0.642788
1319	-2.832167	0.642788
1320	2.858612	0.797072
1321	-2.806430	0.797072
1322	2.945784	0.861119
1323	-2.967411	0.861119
1324	2.891035	0.898294
1325	-2.943264	0.898294
1326	3.033427	1.004619
1327	-2.812670	1.004619
1328	2.651539	0.765221
1329	-2.982719	0.765221
1330	2.727307	1.056939
1331	-2.785733	1.056939
1332	2.960224	1.010626
1333	-3.027863	1.010626
1334	2.894248	1.021980
1335	-2.675385	1.021980
1336	2.891734	1.209490
1337	-2.552959	1.209490
1338	2.693317	1.077184
1339	-2.886241	1.077184
1340	2.756774	0.973487
1341	-2.829029	0.973487
1342	2.786729	1.188765
1343	-2.665026	1.188765
1344	2.759659	1.125585
1345	-2.715981	1.125585
1346	2.656705	1.204514
1347	-2.726933	1.204514
1348	2.786649	1.176619
1349	-2.797582	1.176619
1350	2.797354	1.321405
1351	-2.743549	1.321405
1352	2.734114	1.246566
1353	-2.826416	1.246566
1354	2.752721	1.119166
1355	-2.734535	1.119166
1356	2.566470	1.243386
1357	-2.803080	1.243386
1358	2.666638	1.270734
1359	-2.719728	1.270734
1360	2.664623	1.414766
1361	-2.532218	1.414766
1362	2.759241	1.360851
1363	-2.712420	1.360851
1364	2.705765	1.257221
1365	-2.850559	1.257221
1366	2.822387	1.378929
1367	-2.620475	1.378929
1368	2.603598	1.334540
1369	-2.809132	1.334540
1370	2.590783	1.320168
1371	-2.726520	1.320168
1372	2.406931	1.329421
1373	-2.616672	1.329421
1374	2.439071	1.429904
1375	-2.608525	1.429904
1376	2.595178	1.640372
1377	-2.783442	1.640372
1378	2.596636	1.682945
1379	-2.601951	1.682945
1380	2.700430	1.588656
1381	-2.426046	1.588656
1382	2.448777	1.670567
1383	-2.517390	1.670567
1384	2.740293	1.536294
1385	-2.597570	1.536294
1386	2.534414	1.625406
1387	-2.554148	1.625406
1388	2.553073	1.673401
1389	-2.513971	1.673401
1390	2.587300	1.603224
1391	-2.273643	1.603224
1392	2.432913	1.738980
1393	-2.291224	1.738980
1394	2.490196	1.732005
1395	-2.471728	1.732005
1396	2.304178	1.729368
1397	-2.445439	1.729368
1398	2.365934	1.875221
1399	-2.416444	1.875221
1400	2.426603	1.685511
1401	-2.482513	1.685511
1402	2.324029	2.052891
1403	-2.424063	2.052891
1404	2.439507	1.835657
1405	-2.266695	1.835657
1406	2.326629	2.036713
1407	-2.264689	2.036713
1408	2.298047	1.854285
1409	-2.324002	1.854285
1410	2.400811	1.867138
1411	-2.100461	1.867138
1412	2.204274	1.998557
1413	-2.164374	1.998557
1414	2.186136	1.936371
1415	-2.074609	1.936371
1416	2.211045	1.867985
1417	-2.254575	1.867985
1418	2.229782	1.994450
1419	-2.076863	1.994450
1420	2.141479	2.135484
1421	-2.071858	2.135484
1422	2.211482	2.125430
1423	-2.086453	2.125430
1424	2.194078	2.186401
1425	-2.170571	2.186401
1426	2.222501	2.298609
1427	-2.158649	2.298609
1428	2.039412	2.116478
1429	-2.169775	2.116478
1430	2.143492	2.077895
1431	-2.108394	2.077895
1432	2.031978	2.257636
1433	-2.068091	2.257636
1434	1.991274	2.199356
1435	-2.016806	2.199356
1436	2.124454	2.239889
1437	-1.952900	2.239889
1438	2.136138	2.317464
1439	-1.959918	2.317464
1440	2.009907	2.245849
1441	-1.835836	2.245849
1442	1.813329	2.371501
1443	-1.904864	2.371501
1444	1.759941	2.205727
1445	-1.794937	2.205727
1446	2.082988	2.450199
1447	-1.887328	2.450199
1448	1.805079	2.427691
1449	-1.899958	2.427691
1450	1.715966	2.299311
1451	-1.831121	2.299311
1452	1.822487	2.412634
1453	-1.812376	2.412634
1454	1.714095	2.412111
1455	-1.792631	2.412111
1456	1.798433	2.485916
1457	-1.629479	2.485916
1458	1.502949	2.616624
1459	-1.836312	2.616624
1460	1.655258	2.516381
1461	-1.513945	2.516381
1462	1.688542	2.556784
1463	-1.648475	2.556784
1464	1.688583	2.671044
1465	-1.601695	2.671044
1466	1.489351	2.485950
1467	-1.340272	2.485950
1468	1.527510	2.590242
1469	-1.421574	2.590242
1470	1.372607	2.546550
1471	-1.402402	2.546550
1472	1.433936	2.594432
1473	-1.404520	2.594432
1474	1.379767	2.648732
1475	-1.414518	2.648732
1476	1.313956	2.631967
1477	-1.229256	2.631967
1478	1.203087	2.629616
1479	-1.258630	2.629616
1480	1.247996	2.895405
1481	-1.207613	2.895405
1482	1.053694	2.905767
1483	-1.065458	2.905767
1484	0.922949	2.721912
1485	-1.208398	2.721912
1486	1.094772	2.848929
1487	-0.870512	2.848929
1488	0.822834	2.802771
1489	-0.766338	2.802771
1490	0.961400	2.960154
1491	-0.871641	2.960154
1492	0.914155	2.930219
1493	-0.755661	2.930219
1494	0.510907	3.134150
1495	-0.671166	3.134150
1496	0.469971	2.976159
1497	-0.604796	2.976159
1498	0.441467	3.069681
1499	-0.194201	3.069681
1500	-0.031922	-1.391941
1501	0.165818	-1.391941
1502	0.020905	-1.517680
1503	-0.212438	-1.517680
1504	0.378430	-1.506768
1505	-0.284353	-1.506768
1506	0.365374	-1.320384
1507	-0.294684	-1.320384
1508	0.120954	-1.363723
1509	-0.353841	-1.363723
1510	0.378743	-1.626400
1511	-0.542385	-1.626400
1512	0.435542	-1.410884
1513	-0.467726	-1.410884
1514	0.380455	-1.481864
1515	-0.367797	-1.481864
1516	0.558268	-1.586522
1517	-0.506945	-1.586522
1518	0.559985	-1.346109
1519	-0.582172	-1.346109
1520	0.480509	-1.301259
1521	-0.647173	-1.301259
1522	0.726990	-1.364432
1523	-0.517079	-1.364432
1524	0.768299	-1.252777
1525	-0.479887	-1.252777
1526	0.883927	-1.146786
1527	-0.791386	-1.146786
1528	0.764982	-1.273474
1529	-0.708804	-1.273474
1530	0.882993	-1.443853
1531	-0.666463	-1.443853
1532	0.615210	-1.266336
1533	-0.765397	-1.266336
1534	0.795020	-1.336669
1535	-0.756085	-1.336669
1536	0.495366	-1.270825
1537	-0.675037	-1.270825
1538	0.614377	-1.217233
1539	-0.795047	-1.217233
1540	0.785282	-1.246657
1541	-0.821329	-1.246657
1542	0.849101	-1.177541
1543	-0.817774	-1.177541
1544	0.642893	-1.238483
1545	-0.790509	-1.238483
1546	0.757689	-1.282061
1547	-0.894660	-1.282061
1548	1.137301	-1.165166
1549	-0.909868	-1.165166
1550	0.754220	-1.124777
1551	-1.071447	-1.124777
1552	0.893808	-1.238223
1553	-1.045249	-1.238223
1554	0.834532	-1.116965
1555	-0.776199	-1.116965
1556	0.824787	-1.248407
1557	-0.981804	-1.248407
1558	1.111434	-1.201493
1559	-1.008043	-1.201493
1560	1.027964	-1.200681
1561	-1.002178	-1.200681
1562	1.031483	-1.199243
1563	-1.003057	-1.199243
1564	0.895986	-0.985845
1565	-1.211812	-0.985845
1566	1.012757	-1.161936
1567	-0.947325	-1.161936
1568	0.969593	-1.108126
1569	-1.048483	-1.108126
1570	0.921976	-1.077761
1571	-1.012257	-1.077761
1572	1.119272	-1.015872
1573	-0.930501	-1.015872
1574	1.052159	-1.127968
1575	-1.132695	-1.127968
1576	1.090678	-1.028803
1577	-1.089452	-1.028803
1578	1.187625	-1.069283
1579	-1.138465	-1.069283
1580	1.257045	-1.217477
1581	-1.295569	-1.217477
1582	1.161020	-1.049179
1583	-0.814315	-1.049179
1584	0.990154	-1.032733
1585	-1.149689	-1.032733
1586	1.263056	-0.933570
1587	-1.212609	-0.933570
1588	1.065900	-1.004782
1589	-1.239368	-1.004782
1590	1.018982	-0.838926
1591	-1.209764	-0.838926
1592	1.230143	-0.879779
1593	-1.111363	-0.879779
1594	0.951160	-0.841174
1595	-1.261668	-0.841174
1596	1.388981	-0.902112
1597	-1.101950	-0.902112
1598	1.281035	-0.909360
1599	-1.295096	-0.909360
1600	1.306611	-0.884528
1601	-1.305623	-0.884528
1602	1.240518	-0.820685
1603	-1.132828	-0.820685
1604	1.263553	-0.913103
1605	-1.191624	-0.913103
1606	1.268068	-0.922888
1607	-1.373061	-0.922888
1608	1.181341	-0.717827
1609	-1.255811	-0.717827
1610	1.258174	-0.888402
1611	-1.232692	-0.888402
1612	1.331279	-1.044838
1613	-1.252179	-1.044838
1614	1.250593	-0.678118
1615	-1.315045	-0.678118
1616	1.113908	-0.815936
1617	-1.192452	-0.815936
1618	1.299519	-0.653384
1619	-1.129453	-0.653384
1620	1.302733	-0.741376
1621	-1.220591	-0.741376
1622	1.276155	-0.693392
1623	-1.236281	-0.693392
1624	1.354145	-0.925265
1625	-1.283121	-0.925265
1626	1.457855	-0.831661
1627	-1.450766	-0.831661
1628	1.390631	-0.720590
1629	-1.391551	-0.720590
1630	1.318270	-0.732534
1631	-1.526448	-0.732534
1632	1.223554	-0.687725
1633	-1.278703	-0.687725
1634	1.236969	-0.672848
1635	-1.412379	-0.672848
1636	1.356668	-0.572885
1637	-1.215142	-0.572885
1638	1.431805	-0.602218
1639	-1.492738	-0.602218
1640	1.352198	-0.717705
1641	-1.431272	-0.717705
1642	1.294769	-0.723055
1643	-1.372795	-0.723055
1644	1.334137	-0.492253
1645	-1.548176	-0.492253
1646	1.410414	-0.607598
1647	-1.611058	-0.607598
1648	1.325681	-0.781394
1649	-1.275605	-0.781394
1650	1.322159	-0.655005
1651	-1.371066	-0.655005
1652	1.334754	-0.633502
1653	-1.476200	-0.633502
1654	1.222698	-0.610920
1655	-1.373181	-0.610920
1656	1.471361	-0.629745
1657	-1.410388	-0.629745
1658	1.302206	-0.395060
1659	-1.448153	-0.395060
1660	1.225678	-0.421096
1661	-1.322587	-0.421096
1662	1.430664	-0.672091
1663	-1.444604	-0.672091
1664	1.433879	-0.589824
1665	-1.305456	-0.589824
1666	1.480449	-0.541117
1667	-1.433534	-0.541117
1668	1.481176	-0.393258
1669	-1.468315	-0.393258
1670	1.501443	-0.533811
1671	-1.496535	-0.533811
1672	1.543193	-0.652252
1673	-1.572022	-0.652252
1674	1.302663	-0.573296
1675	-1.411942	-0.573296
1676	1.615012	-0.527556
1677	-1.467968	-0.527556
1678	1.470322	-0.327633
1679	-1.532010	-0.327633
1680	1.522558	-0.511360
1681	-1.281460	-0.511360
1682	1.619815	-0.347275
1683	-1.522947	-0.347275
1684	1.266427	-0.409982
1685	-1.353670	-0.409982
1686	1.454520	-0.382681
1687	-1.507404	-0.382681
1688	1.330844	-0.309883
1689	-1.297346	-0.309883
1690	1.512162	-0.378029
1691	-1.524250	-0.378029
1692	1.513091	-0.319983
1693	-1.463294	-0.319983
1694	1.576681	-0.515749
1695	-1.534251	-0.515749
1696	1.578873	-0.414664
1697	-1.370160	-0.414664
1698	1.455699	-0.227118
1699	-1.469092	-0.227118
1700	1.549386	-0.237418
1701	-1.532325	-0.237418
1702	1.436388	-0.388742
1703	-1.435433	-0.388742
1704	1.648531	-0.289229
1705	-1.576141	-0.289229
1706	1.415529	-0.141420
1707	-1.448786	-0.141420
1708	1.377929	-0.260868
1709	-1.474118	-0.260868
1710	1.488924	-0.289265
1711	-1.527609	-0.289265
1712	1.446341	-0.209522
1713	-1.622871	-0.209522
1714	1.430501	-0.318695
1715	-1.325478	-0.318695
1716	1.608049	-0.251609
1717	-1.457511	-0.251609
1718	1.465015	-0.071277
1719	-1.476408	-0.071277
1720	1.563937	-0.135185
1721	-1.417208	-0.135185
1722	1.303022	-0.307234
1723	-1.499859	-0.307234
1724	1.438192	-0.193306
1725	-1.412192	-0.193306
1726	1.558348	0.014419
1727	-1.448538	0.014419
1728	1.518788	-0.244478
1729	-1.384206	-0.244478
1730	1.523192	-0.067233
1731	-1.366218	-0.067233
1732	1.329996	-0.222345
1733	-1.387584	-0.222345
1734	1.612813	-0.135402
1735	-1.527688	-0.135402
1736	1.692976	-0.158238
1737	-1.522813	-0.158238
1738	1.290697	-0.097687
1739	-1.501426	-0.097687
1740	1.461769	-0.052345
1741	-1.501538	-0.052345
1742	1.420091	-0.115799
1743	-1.504071	-0.115799
1744	1.415458	-0.127717
1745	-1.566944	-0.127717
1746	1.534361	-0.007452
1747	-1.550717	-0.007452
1748	1.413149	0.032573
1749	-1.663010	0.032573
1750	1.640367	0.003249
1751	-1.440732	0.003249
1752	1.182248	-0.102924
1753	-1.380706	-0.102924
1754	1.548350	0.069435
1755	-1.467940	0.069435
1756	1.212329	0.180349
1757	-1.581166	0.180349
1758	1.539546	-0.032465
1759	-1.482405	-0.032465
1760	1.500063	0.090535
1761	-1.487920	0.090535
1762	1.611811	0.087441
1763	-1.518386	0.087441
1764	1.357919	-0.043582
1765	-1.738974	-0.043582
1766	1.768257	0.134055
1767	-1.522669	0.134055
1768	1.497321	0.064440
1769	-1.538792	0.064440
1770	1.487434	0.069717
1771	-1.636609	0.069717
1772	1.467345	0.071117
1773	-1.561222	0.071117
1774	1.336561	-0.027225
1775	-1.612142	-0.027225
1776	1.627636	0.139903
1777	-1.412154	0.139903
1778	1.506319	0.236607
1779	-1.499826	0.236607
1780	1.532198	0.247624
1781	-1.673347	0.247624
1782	1.348024	0.172866
1783	-1.681428	0.172866
1784	1.614152	0.285092
1785	-1.506597	0.285092
1786	1.565620	0.289504
1787	-1.508709	0.289504
1788	1.450028	0.232311
1789	-1.322637	0.232311
1790	1.700504	0.059265
1791	-1.434521	0.059265
1792	1.541121	0.300111
1793	-1.354271	0.300111
1794	1.343544	0.254806
1795	-1.397989	0.254806
1796	1.543385	0.227951
1797	-1.367673	0.227951
1798	1.423973	0.064797
1799	-1.469352	0.064797
1800	1.515144	0.443770
1801	-1.497145	0.443770
1802	1.589979	0.136399
1803	-1.418557	0.136399
1804	1.383919	0.202349
1805	-1.509431	0.202349
1806	1.308319	0.412993
1807	-1.506511	0.412993
1808	1.440708	0.294189
1809	-1.372366	0.294189
1810	1.479761	0.344669
1811	-1.526707	0.344669
1812	1.457161	0.471178
1813	-1.448906	0.471178
1814	1.650330	0.217928
1815	-1.389178	0.217928
1816	1.254291	0.227615
1817	-1.403326	0.227615
1818	1.416917	0.313440
1819	-1.515242	0.313440
1820	1.359237	0.527370
1821	-1.335313	0.527370
1822	1.417991	0.491904
1823	-1.451388	0.491904
1824	1.441424	0.394628
1825	-1.381483	0.394628
1826	1.422291	0.400627
1827	-1.508155	0.400627
1828	1.419931	0.537487
1829	-1.170815	0.537487
1830	1.473426	0.571648
1831	-1.314556	0.571648
1832	1.382712	0.525086
1833	-1.321771	0.525086
1834	1.350466	0.553197
1835	-1.341745	0.553197
1836	1.399965	0.516661
1837	-1.377163	0.516661
1838	1.485516	0.500964
1839	-1.233802	0.500964
1840	1.481955	0.666909
1841	-1.526818	0.666909
1842	1.459170	0.585011
1843	-1.397180	0.585011
1844	1.334237	0.736570
1845	-1.174343	0.736570
1846	1.223734	0.537129
1847	-1.325708	0.537129
1848	1.574313	0.463432
1849	-1.455534	0.463432
1850	1.431915	0.540233
1851	-1.476365	0.540233
1852	1.226629	0.652962
1853	-1.387395	0.652962
1854	1.312107	0.565672
1855	-1.422889	0.565672
1856	1.247439	0.769189
1857	-1.342470	0.769189
1858	1.391073	0.800286
1859	-1.475882	0.800286
1860	1.412543	0.564497
1861	-1.313611	0.564497
1862	1.379736	0.521249
1863	-1.489494	0.521249
1864	1.475610	0.655943
1865	-1.468236	0.655943
1866	1.414488	0.627118
1867	-1.292674	0.627118
1868	1.353486	0.821349
1869	-1.503013	0.821349
1870	1.152348	0.583922
1871	-1.409538	0.583922
1872	1.357125	0.831637
1873	-1.274721	0.831637
1874	1.249930	0.613973
1875	-1.304968	0.613973
1876	1.202326	0.848930
1877	-1.142887	0.848930
1878	1.304765	0.800876
1879	-1.253752	0.800876
1880	1.273754	0.725419
1881	-1.339639	0.725419
1882	1.414984	0.729542
1883	-1.247455	0.729542
1884	0.886800	0.882640
1885	-1.239729	0.882640
1886	1.155803	0.893564
1887	-1.479620	0.893564
1888	1.099613	0.756936
1889	-1.257150	0.756936
1890	1.249419	0.671751
1891	-1.362759	0.671751
1892	1.334006	0.831716
1893	-1.379279	0.831716
1894	1.337961	0.775729
1895	-1.282117	0.775729
1896	1.398380	0.847399
1897	-1.381291	0.847399
1898	1.327896	0.856605
1899	-1.324383	0.856605
1900	1.263607	0.800109
1901	-1.097663	0.800109
1902	1.196772	0.871087
1903	-0.994719	0.871087
1904	1.261370	0.933720
1905	-1.191027	0.933720
1906	1.185985	0.915723
1907	-1.281685	0.915723
1908	1.153729	0.925118
1909	-1.126635	0.925118
1910	1.100715	0.965373
1911	-1.271670	0.965373
1912	1.261839	1.075185
1913	-1.033121	1.075185
1914	1.125050	1.073772
1915	-1.202651	1.073772
1916	0.965100	1.071926
1917	-1.029765	1.071926
1918	1.115279	1.077780
1919	-1.128991	1.077780
1920	1.100409	0.988513
1921	-0.990624	0.988513
1922	1.155200	0.851336
1923	-1.258665	0.851336
1924	1.017064	1.051358
1925	-1.275382	1.051358
1926	1.017466	1.064441
1927	-1.150641	1.064441
1928	0.896533	1.042040
1929	-0.938930	1.042040
1930	1.014716	1.071239
1931	-1.021930	1.071239
1932	1.051134	1.006757
1933	-1.055736	1.006757
1934	1.149553	1.224560
1935	-0.998886	1.224560
1936	0.863179	1.166925
1937	-0.962518	1.166925
1938	1.039329	1.026518
1939	-0.891648	1.026518
1940	0.856439	0.828658
1941	-0.873029	0.828658
1942	0.927547	1.077536
1943	-0.846900	1.077536
1944	1.052908	1.217929
1945	-1.014682	1.217929
1946	0.939819	1.145490
1947	-0.977537	1.145490
1948	0.924787	1.381408
1949	-0.890824	1.381408
1950	0.808384	1.334960
1951	-0.944555	1.334960
1952	1.081105	1.101948
1953	-0.885495	1.101948
1954	0.878809	1.114908
1955	-0.722978	1.114908
1956	0.720551	1.048354
1957	-0.918295	1.048354
1958	1.009996	1.096959
1959	-0.854277	1.096959
1960	0.792000	1.341730
1961	-0.802135	1.341730
1962	0.798998	1.228773
1963	-0.476114	1.228773
1964	0.672800	1.319615
1965	-0.784610	1.319615
1966	0.717365	1.171954
1967	-0.803583	1.171954
1968	0.907236	1.146553
1969	-0.765500	1.146553
1970	0.763321	1.237158
1971	-0.782822	1.237158
1972	0.692557	1.257315
1973	-0.739976	1.257315
1974	0.656604	1.323206
1975	-0.567517	1.323206
1976	0.754384	1.440723
1977	-0.657280	1.440723
1978	0.534523	1.361437
1979	-0.361165	1.361437
1980	0.800342	1.339624
1981	-0.760492	1.339624
1982	0.392234	1.460791
1983	-0.597045	1.460791
1984	0.635754	1.430758
1985	-0.435467	1.430758
1986	0.516891	1.481770
1987	-0.530754	1.481770
1988	0.451071	1.349097
1989	-0.543042	1.349097
1990	0.547632	1.367783
1991	-0.544716	1.367783
1992	0.461901	1.403140
1993	-0.429891	1.403140
1994	0.454485	1.617131
1995	-0.289693	1.617131
1996	0.305226	1.490368
1997	-0.279890	1.490368
1998	0.125187	1.582652
1999	-0.196270	1.582652
