2000	2
0	-3.000000	0.059544
1	-2.994000	0.127402
2	-2.988000	0.674134
3	-2.982000	0.421232
4	-2.976000	0.512159
5	-2.970000	0.357425
6	-2.964000	0.141893
7	-2.958000	0.725127
8	-2.952000	0.735003
9	-2.946000	0.714932
10	-2.940000	0.623459
11	-2.934000	0.410467
12	-2.928000	0.507784
13	-2.922000	0.550111
14	-2.916000	0.560700
15	-2.910000	0.339217
16	-2.904000	0.689151
17	-2.898000	0.600166
18	-2.892000	0.748954
19	-2.886000	0.477485
20	-2.880000	1.191714
21	-2.874000	0.970814
22	-2.868000	1.313095
23	-2.862000	0.622171
24	-2.856000	0.597202
25	-2.850000	1.009859
26	-2.844000	1.083146
27	-2.838000	1.108928
28	-2.832000	0.861633
29	-2.826000	0.742142
30	-2.820000	1.233267
31	-2.814000	0.939460
32	-2.808000	1.536983
33	-2.802000	1.474997
34	-2.796000	0.899699
35	-2.790000	1.344470
36	-2.784000	1.198748
37	-2.778000	1.154652
38	-2.772000	0.962650
39	-2.766000	1.071954
40	-2.760000	1.203059
41	-2.754000	1.355249
42	-2.748000	1.353876
43	-2.742000	1.525893
44	-2.736000	1.350617
45	-2.730000	1.149410
46	-2.724000	1.081719
47	-2.718000	0.932483
48	-2.712000	1.435675
49	-2.706000	1.185769
50	-2.700000	1.637026
51	-2.694000	1.578042
52	-2.688000	1.416979
53	-2.682000	1.389279
54	-2.676000	1.315662
55	-2.670000	1.595174
56	-2.664000	1.320672
57	-2.658000	1.544190
58	-2.652000	1.304284
59	-2.646000	1.393910
60	-2.640000	1.663804
61	-2.634000	1.536881
62	-2.628000	1.303232
63	-2.622000	1.594591
64	-2.616000	1.560527
65	-2.610000	1.542443
66	-2.604000	1.494971
67	-2.598000	1.524302
68	-2.592000	1.877317
69	-2.586000	1.551329
70	-2.580000	1.542740
71	-2.574000	1.398279
72	-2.568000	1.592241
73	-2.562000	1.762899
74	-2.556000	1.664422
75	-2.550000	1.870013
76	-2.544000	1.750758
77	-2.538000	1.547488
78	-2.532000	1.618097
79	-2.526000	1.915432
80	-2.520000	1.527163
81	-2.514000	1.624843
82	-2.508000	1.590981
83	-2.502000	1.900315
84	-2.496000	1.743861
85	-2.490000	1.512287
86	-2.484000	1.918357
87	-2.478000	1.466317
88	-2.472000	1.871498
89	-2.466000	1.927839
90	-2.460000	1.802397
91	-2.454000	1.473195
92	-2.448000	1.943259
93	-2.442000	1.671523
94	-2.436000	1.755950
95	-2.430000	1.494958
96	-2.424000	1.557154
97	-2.418000	1.743699
98	-2.412000	1.760695
99	-2.406000	2.079156
100	-2.400000	1.840375
101	-2.394000	1.720739
102	-2.388000	1.752952
103	-2.382000	1.477930
104	-2.376000	1.924482
105	-2.370000	2.250677
106	-2.364000	1.876830
107	-2.358000	1.858191
108	-2.352000	2.103006
109	-2.346000	1.777985
110	-2.340000	2.172622
111	-2.334000	2.024298
112	-2.328000	1.836993
113	-2.322000	2.077357
114	-2.316000	1.845585
115	-2.310000	1.928785
116	-2.304000	2.064914
117	-2.298000	1.676754
118	-2.292000	2.233167
119	-2.286000	1.625494
120	-2.280000	1.968842
121	-2.274000	1.778386
122	-2.268000	1.994245
123	-2.262000	1.987859
124	-2.256000	2.190986
125	-2.250000	1.901562
126	-2.244000	1.871560
127	-2.238000	1.657292
128	-2.232000	1.819943
129	-2.226000	1.854347
130	-2.220000	2.347103
131	-2.214000	2.252350
132	-2.208000	2.029463
133	-2.202000	2.053756
134	-2.196000	1.965563
135	-2.190000	2.069370
136	-2.184000	2.027260
137	-2.178000	1.777592
138	-2.172000	2.113123
139	-2.166000	2.246451
140	-2.160000	2.179830
141	-2.154000	2.221676
142	-2.148000	2.109471
143	-2.142000	2.218396
144	-2.136000	2.136307
145	-2.130000	1.931349
146	-2.124000	2.133153
147	-2.118000	2.155525
148	-2.112000	1.890782
149	-2.106000	2.106047
150	-2.100000	2.117584
151	-2.094000	2.322769
152	-2.088000	1.876850
153	-2.082000	2.424647
154	-2.076000	2.087418
155	-2.070000	1.868122
156	-2.064000	2.261977
157	-2.058000	1.784747
158	-2.052000	2.539878
159	-2.046000	2.161059
160	-2.040000	2.210023
161	-2.034000	1.999575
162	-2.028000	1.992348
163	-2.022000	2.467797
164	-2.016000	2.280148
165	-2.010000	2.330280
166	-2.004000	2.420849
167	-1.998000	1.960016
168	-1.992000	2.129660
169	-1.986000	2.273449
170	-1.980000	2.329062
171	-1.974000	2.183413
172	-1.968000	2.219004
173	-1.962000	2.330313
174	-1.956000	2.582069
175	-1.950000	1.982661
176	-1.944000	2.523663
177	-1.938000	2.304554
178	-1.932000	2.393831
179	-1.926000	2.418044
180	-1.920000	2.611903
181	-1.914000	2.246922
182	-1.908000	2.349186
183	-1.902000	2.144112
184	-1.896000	2.657461
185	-1.890000	2.140472
186	-1.884000	2.051958
187	-1.878000	2.544237
188	-1.872000	2.475547
189	-1.866000	2.327865
190	-1.860000	2.347089
191	-1.854000	2.385920
192	-1.848000	2.655312
193	-1.842000	2.287250
194	-1.836000	2.488357
195	-1.830000	2.503352
196	-1.824000	2.578247
197	-1.818000	2.506086
198	-1.812000	2.496319
199	-1.806000	2.418133
200	-1.800000	1.865087
201	-1.794000	2.589646
202	-1.788000	2.553989
203	-1.782000	2.261674
204	-1.776000	2.673562
205	-1.770000	2.649960
206	-1.764000	2.287393
207	-1.758000	2.527881
208	-1.752000	2.444869
209	-1.746000	2.155199
210	-1.740000	2.589569
211	-1.734000	2.231840
212	-1.728000	2.515762
213	-1.722000	2.461724
214	-1.716000	2.292618
215	-1.710000	2.479751
216	-1.704000	2.573215
217	-1.698000	2.703471
218	-1.692000	2.451137
219	-1.686000	2.360045
220	-1.680000	2.445199
221	-1.674000	2.398141
222	-1.668000	2.466880
223	-1.662000	2.576613
224	-1.656000	2.700978
225	-1.650000	2.388036
226	-1.644000	2.175365
227	-1.638000	2.645273
228	-1.632000	2.264279
229	-1.626000	2.541589
230	-1.620000	2.365386
231	-1.614000	2.327504
232	-1.608000	2.637280
233	-1.602000	2.616407
234	-1.596000	2.062727
235	-1.590000	2.409288
236	-1.584000	2.440446
237	-1.578000	2.601288
238	-1.572000	2.311316
239	-1.566000	2.551523
240	-1.560000	2.698222
241	-1.554000	2.641407
242	-1.548000	2.353407
243	-1.542000	2.383140
244	-1.536000	2.612669
245	-1.530000	2.552056
246	-1.524000	2.765370
247	-1.518000	2.446737
248	-1.512000	2.474137
249	-1.506000	2.291696
250	-1.500000	2.503080
251	-1.494000	2.207084
252	-1.488000	3.266568
253	-1.482000	2.835364
254	-1.476000	2.612020
255	-1.470000	2.382013
256	-1.464000	2.379822
257	-1.458000	2.637043
258	-1.452000	2.566486
259	-1.446000	2.616565
260	-1.440000	3.268947
261	-1.434000	3.157556
262	-1.428000	2.546398
263	-1.422000	2.715064
264	-1.416000	2.669375
265	-1.410000	2.707368
266	-1.404000	2.531908
267	-1.398000	2.708276
268	-1.392000	2.700016
269	-1.386000	3.116322
270	-1.380000	2.479125
271	-1.374000	2.495472
272	-1.368000	2.879742
273	-1.362000	3.017154
274	-1.356000	2.589913
275	-1.350000	2.569875
276	-1.344000	2.480164
277	-1.338000	2.671800
278	-1.332000	3.061259
279	-1.326000	2.762102
280	-1.320000	2.924212
281	-1.314000	2.400991
282	-1.308000	3.033347
283	-1.302000	2.987901
284	-1.296000	2.806748
285	-1.290000	2.433255
286	-1.284000	3.003169
287	-1.278000	2.799395
288	-1.272000	2.959817
289	-1.266000	2.569662
290	-1.260000	2.737220
291	-1.254000	2.642170
292	-1.248000	2.643382
293	-1.242000	2.866986
294	-1.236000	3.246441
295	-1.230000	2.660674
296	-1.224000	2.152128
297	-1.218000	3.001015
298	-1.212000	2.457818
299	-1.206000	2.838829
300	-1.200000	2.561615
301	-1.194000	3.028625
302	-1.188000	2.389915
303	-1.182000	2.734257
304	-1.176000	2.723285
305	-1.170000	2.742350
306	-1.164000	2.508346
307	-1.158000	2.721709
308	-1.152000	2.854567
309	-1.146000	3.019034
310	-1.140000	2.890615
311	-1.134000	2.649271
312	-1.128000	2.835056
313	-1.122000	2.762118
314	-1.116000	2.513656
315	-1.110000	2.745944
316	-1.104000	2.795018
317	-1.098000	3.031384
318	-1.092000	2.805115
319	-1.086000	2.740911
320	-1.080000	3.188771
321	-1.074000	2.690115
322	-1.068000	3.050210
323	-1.062000	2.399674
324	-1.056000	2.528893
325	-1.050000	3.030965
326	-1.044000	2.851828
327	-1.038000	2.387974
328	-1.032000	3.118963
329	-1.026000	2.732408
330	-1.020000	2.654581
331	-1.014000	3.011886
332	-1.008000	3.068927
333	-1.002000	2.648457
334	-0.996000	2.499409
335	-0.990000	3.236835
336	-0.984000	2.901763
337	-0.978000	2.938237
338	-0.972000	2.968204
339	-0.966000	2.718766
340	-0.960000	2.675528
341	-0.954000	2.663235
342	-0.948000	2.838241
343	-0.942000	3.127346
344	-0.936000	2.617945
345	-0.930000	2.603824
346	-0.924000	2.821794
347	-0.918000	3.183686
348	-0.912000	2.966478
349	-0.906000	2.687627
350	-0.900000	3.218345
351	-0.894000	2.789366
352	-0.888000	3.355899
353	-0.882000	3.036371
354	-0.876000	2.895278
355	-0.870000	2.679349
356	-0.864000	3.254312
357	-0.858000	2.656312
358	-0.852000	2.441143
359	-0.846000	2.831305
360	-0.840000	3.127079
361	-0.834000	3.054969
362	-0.828000	2.941095
363	-0.822000	2.788262
364	-0.816000	2.867611
365	-0.810000	2.589870
366	-0.804000	2.653266
367	-0.798000	2.550369
368	-0.792000	2.871472
369	-0.786000	3.049565
370	-0.780000	2.976007
371	-0.774000	2.895890
372	-0.768000	2.666971
373	-0.762000	2.516284
374	-0.756000	2.796807
375	-0.750000	2.536133
376	-0.744000	3.171302
377	-0.738000	3.040715
378	-0.732000	2.947851
379	-0.726000	2.709683
380	-0.720000	2.781203
381	-0.714000	3.339265
382	-0.708000	2.846300
383	-0.702000	2.820903
384	-0.696000	2.987900
385	-0.690000	3.072425
386	-0.684000	2.819411
387	-0.678000	3.173115
388	-0.672000	2.915756
389	-0.666000	3.104816
390	-0.660000	3.079769
391	-0.654000	2.738727
392	-0.648000	2.936832
393	-0.642000	2.712784
394	-0.636000	2.758050
395	-0.630000	2.959577
396	-0.624000	2.777259
397	-0.618000	3.028286
398	-0.612000	2.886196
399	-0.606000	3.042985
400	-0.600000	3.199831
401	-0.594000	2.927377
402	-0.588000	2.764753
403	-0.582000	2.896747
404	-0.576000	2.754249
405	-0.570000	2.777535
406	-0.564000	3.033744
407	-0.558000	2.642843
408	-0.552000	2.771698
409	-0.546000	2.987159
410	-0.540000	3.078136
411	-0.534000	3.277332
412	-0.528000	3.309890
413	-0.522000	3.004752
414	-0.516000	3.144729
415	-0.510000	3.098268
416	-0.504000	2.908001
417	-0.498000	3.161696
418	-0.492000	2.827617
419	-0.486000	2.952960
420	-0.480000	3.054136
421	-0.474000	3.149473
422	-0.468000	3.042861
423	-0.462000	3.012559
424	-0.456000	2.873251
425	-0.450000	2.994282
426	-0.444000	2.974339
427	-0.438000	2.851624
428	-0.432000	2.724403
429	-0.426000	2.914414
430	-0.420000	3.324707
431	-0.414000	2.734830
432	-0.408000	2.561194
433	-0.402000	2.777089
434	-0.396000	2.821850
435	-0.390000	3.298534
436	-0.384000	3.082188
437	-0.378000	2.955580
438	-0.372000	2.827439
439	-0.366000	2.851858
440	-0.360000	3.223702
441	-0.354000	2.945496
442	-0.348000	2.903297
443	-0.342000	3.025010
444	-0.336000	3.088104
445	-0.330000	2.974725
446	-0.324000	2.905764
447	-0.318000	2.677876
448	-0.312000	2.526939
449	-0.306000	2.867631
450	-0.300000	2.938862
451	-0.294000	3.087349
452	-0.288000	3.131784
453	-0.282000	2.987470
454	-0.276000	2.972224
455	-0.270000	2.778080
456	-0.264000	3.084616
457	-0.258000	3.248130
458	-0.252000	3.093928
459	-0.246000	3.359091
460	-0.240000	2.814850
461	-0.234000	3.043368
462	-0.228000	2.934279
463	-0.222000	2.993565
464	-0.216000	2.710286
465	-0.210000	3.135877
466	-0.204000	3.063870
467	-0.198000	2.944404
468	-0.192000	3.222682
469	-0.186000	2.974240
470	-0.180000	3.253251
471	-0.174000	3.077674
472	-0.168000	3.301407
473	-0.162000	2.818799
474	-0.156000	3.315062
475	-0.150000	3.158244
476	-0.144000	2.976577
477	-0.138000	3.383318
478	-0.132000	2.378373
479	-0.126000	3.181109
480	-0.120000	2.718950
481	-0.114000	2.906546
482	-0.108000	3.047229
483	-0.102000	2.813796
484	-0.096000	2.899555
485	-0.090000	2.977442
486	-0.084000	3.147167
487	-0.078000	2.920129
488	-0.072000	3.022487
489	-0.066000	2.672009
490	-0.060000	3.015249
491	-0.054000	2.872402
492	-0.048000	3.077501
493	-0.042000	2.817704
494	-0.036000	2.895078
495	-0.030000	3.130698
496	-0.024000	3.148910
497	-0.018000	2.843271
498	-0.012000	2.698188
499	-0.006000	2.840174
500	0.000000	2.583364
501	0.006000	2.795584
502	0.012000	2.562576
503	0.018000	3.201313
504	0.024000	3.123769
505	0.030000	2.849358
506	0.036000	2.783868
507	0.042000	2.733925
508	0.048000	2.735636
509	0.054000	3.151861
510	0.060000	3.131121
511	0.066000	2.991594
512	0.072000	3.200445
513	0.078000	3.418745
514	0.084000	3.059463
515	0.090000	2.985692
516	0.096000	3.122547
517	0.102000	2.940022
518	0.108000	3.297219
519	0.114000	3.024589
520	0.120000	2.892183
521	0.126000	3.272883
522	0.132000	3.084704
523	0.138000	2.935234
524	0.144000	3.021957
525	0.150000	2.671879
526	0.156000	3.040346
527	0.162000	3.016967
528	0.168000	2.665404
529	0.174000	2.945979
530	0.180000	2.963167
531	0.186000	3.380309
532	0.192000	3.297072
533	0.198000	3.213568
534	0.204000	3.180152
535	0.210000	3.031301
536	0.216000	2.735841
537	0.222000	3.136965
538	0.228000	2.656847
539	0.234000	3.028574
540	0.240000	3.208222
541	0.246000	2.936361
542	0.252000	3.178100
543	0.258000	2.843223
544	0.264000	3.432629
545	0.270000	2.744240
546	0.276000	3.337878
547	0.282000	3.084407
548	0.288000	3.108757
549	0.294000	2.957499
550	0.300000	3.013324
551	0.306000	3.243239
552	0.312000	3.224792
553	0.318000	2.882372
554	0.324000	2.930837
555	0.330000	2.591263
556	0.336000	2.549780
557	0.342000	3.016518
558	0.348000	3.389701
559	0.354000	2.877034
560	0.360000	3.107173
561	0.366000	2.970813
562	0.372000	3.197691
563	0.378000	3.521621
564	0.384000	3.103003
565	0.390000	3.024211
566	0.396000	3.181133
567	0.402000	2.924214
568	0.408000	2.856568
569	0.414000	2.979907
570	0.420000	3.249174
571	0.426000	2.906364
572	0.432000	3.034410
573	0.438000	3.262268
574	0.444000	3.028758
575	0.450000	2.793876
576	0.456000	3.241571
577	0.462000	2.953593
578	0.468000	3.059244
579	0.474000	2.791407
580	0.480000	2.805293
581	0.486000	3.127619
582	0.492000	2.900351
583	0.498000	2.972265
584	0.504000	2.850626
585	0.510000	2.956077
586	0.516000	3.296714
587	0.522000	2.995007
588	0.528000	2.750944
589	0.534000	2.877318
590	0.540000	2.953550
591	0.546000	2.961453
592	0.552000	2.777904
593	0.558000	3.038933
594	0.564000	2.700146
595	0.570000	3.093849
596	0.576000	3.232168
597	0.582000	3.362779
598	0.588000	2.797807
599	0.594000	3.043273
600	0.600000	2.866739
601	0.606000	2.817194
602	0.612000	3.282556
603	0.618000	3.132424
604	0.624000	3.152362
605	0.630000	2.804611
606	0.636000	2.923688
607	0.642000	3.008715
608	0.648000	3.042646
609	0.654000	3.113749
610	0.660000	3.148678
611	0.666000	2.954107
612	0.672000	2.778677
613	0.678000	2.944824
614	0.684000	3.159134
615	0.690000	2.805363
616	0.696000	2.915675
617	0.702000	2.976469
618	0.708000	2.881611
619	0.714000	3.156396
620	0.720000	2.650786
621	0.726000	2.649073
622	0.732000	2.916501
623	0.738000	2.752917
624	0.744000	2.539139
625	0.750000	3.021908
626	0.756000	2.761574
627	0.762000	2.625454
628	0.768000	2.718791
629	0.774000	2.851941
630	0.780000	2.472945
631	0.786000	2.886318
632	0.792000	3.125534
633	0.798000	2.947189
634	0.804000	3.049994
635	0.810000	2.915609
636	0.816000	2.938963
637	0.822000	3.127597
638	0.828000	3.212482
639	0.834000	3.120289
640	0.840000	2.999688
641	0.846000	2.680463
642	0.852000	3.240281
643	0.858000	2.376666
644	0.864000	3.305412
645	0.870000	2.892561
646	0.876000	2.827305
647	0.882000	2.646934
648	0.888000	3.203435
649	0.894000	2.674282
650	0.900000	3.115871
651	0.906000	2.650842
652	0.912000	3.279804
653	0.918000	2.594366
654	0.924000	2.680714
655	0.930000	2.626725
656	0.936000	2.885810
657	0.942000	2.542896
658	0.948000	2.728847
659	0.954000	2.419674
660	0.960000	2.676700
661	0.966000	2.750832
662	0.972000	3.046614
663	0.978000	2.642550
664	0.984000	2.883894
665	0.990000	2.777477
666	0.996000	2.810306
667	1.002000	2.936406
668	1.008000	2.534559
669	1.014000	2.869109
670	1.020000	2.721734
671	1.026000	2.748399
672	1.032000	2.864512
673	1.038000	2.875197
674	1.044000	3.326396
675	1.050000	2.761146
676	1.056000	2.996678
677	1.062000	2.955189
678	1.068000	2.762188
679	1.074000	2.944785
680	1.080000	2.636098
681	1.086000	2.771558
682	1.092000	2.962805
683	1.098000	2.749951
684	1.104000	3.126951
685	1.110000	2.968482
686	1.116000	2.657954
687	1.122000	2.944069
688	1.128000	2.802031
689	1.134000	3.033936
690	1.140000	2.928968
691	1.146000	2.988070
692	1.152000	2.895565
693	1.158000	2.533005
694	1.164000	2.489867
695	1.170000	2.996046
696	1.176000	2.999688
697	1.182000	2.684754
698	1.188000	2.923420
699	1.194000	2.546920
700	1.200000	2.817600
701	1.206000	2.781457
702	1.212000	2.699268
703	1.218000	2.701268
704	1.224000	2.545110
705	1.230000	2.575186
706	1.236000	2.827389
707	1.242000	2.932222
708	1.248000	2.178977
709	1.254000	2.845086
710	1.260000	2.829700
711	1.266000	2.991544
712	1.272000	2.659332
713	1.278000	2.845082
714	1.284000	2.528615
715	1.290000	2.889071
716	1.296000	2.821512
717	1.302000	2.676232
718	1.308000	3.029357
719	1.314000	2.555819
720	1.320000	2.783030
721	1.326000	2.612115
722	1.332000	2.779792
723	1.338000	2.672456
724	1.344000	2.639705
725	1.350000	2.750466
726	1.356000	2.921076
727	1.362000	2.452311
728	1.368000	2.770884
729	1.374000	2.862824
730	1.380000	2.602484
731	1.386000	2.554165
732	1.392000	2.797044
733	1.398000	2.594350
734	1.404000	2.758173
735	1.410000	2.620289
736	1.416000	2.851458
737	1.422000	2.420834
738	1.428000	2.779209
739	1.434000	2.700144
740	1.440000	2.409377
741	1.446000	2.795254
742	1.452000	2.630083
743	1.458000	2.117465
744	1.464000	2.569810
745	1.470000	2.786859
746	1.476000	2.496537
747	1.482000	2.976175
748	1.488000	2.634263
749	1.494000	2.491260
750	1.500000	2.551519
751	1.506000	2.309564
752	1.512000	2.611322
753	1.518000	2.699259
754	1.524000	2.622370
755	1.530000	2.404057
756	1.536000	2.606780
757	1.542000	2.477350
758	1.548000	2.190617
759	1.554000	2.398867
760	1.560000	2.468235
761	1.566000	2.490080
762	1.572000	3.053055
763	1.578000	2.900280
764	1.584000	2.397550
765	1.590000	2.786465
766	1.596000	2.960957
767	1.602000	2.662269
768	1.608000	2.560269
769	1.614000	2.636860
770	1.620000	2.880640
771	1.626000	2.561314
772	1.632000	2.659695
773	1.638000	2.350527
774	1.644000	2.842277
775	1.650000	2.552689
776	1.656000	2.498474
777	1.662000	2.708052
778	1.668000	2.296005
779	1.674000	2.463472
780	1.680000	2.555652
781	1.686000	2.858808
782	1.692000	2.372405
783	1.698000	2.565594
784	1.704000	2.505736
785	1.710000	2.661795
786	1.716000	2.552983
787	1.722000	2.307943
788	1.728000	2.140677
789	1.734000	2.489019
790	1.740000	2.159102
791	1.746000	2.556689
792	1.752000	2.471217
793	1.758000	2.771797
794	1.764000	2.805678
795	1.770000	2.764563
796	1.776000	2.746834
797	1.782000	2.597034
798	1.788000	2.415911
799	1.794000	2.379521
800	1.800000	2.479490
801	1.806000	2.473863
802	1.812000	2.739781
803	1.818000	2.420089
804	1.824000	2.469492
805	1.830000	2.439170
806	1.836000	2.396116
807	1.842000	2.060642
808	1.848000	2.469872
809	1.854000	2.184098
810	1.860000	2.499928
811	1.866000	2.193545
812	1.872000	2.343161
813	1.878000	2.584349
814	1.884000	2.243899
815	1.890000	1.969807
816	1.896000	2.125466
817	1.902000	2.222923
818	1.908000	2.038666
819	1.914000	2.273307
820	1.920000	2.180048
821	1.926000	2.318903
822	1.932000	2.288067
823	1.938000	2.262591
824	1.944000	2.508100
825	1.950000	2.069217
826	1.956000	2.335710
827	1.962000	2.007655
828	1.968000	2.181357
829	1.974000	2.191535
830	1.980000	2.219372
831	1.986000	2.401106
832	1.992000	2.343573
833	1.998000	2.288426
834	2.004000	2.153246
835	2.010000	2.356558
836	2.016000	2.127665
837	2.022000	1.900557
838	2.028000	2.560558
839	2.034000	1.852385
840	2.040000	1.996829
841	2.046000	2.153240
842	2.052000	2.007375
843	2.058000	2.195181
844	2.064000	2.100051
845	2.070000	2.191925
846	2.076000	2.297936
847	2.082000	2.130382
848	2.088000	1.907726
849	2.094000	2.348626
850	2.100000	2.148534
851	2.106000	2.024375
852	2.112000	2.287448
853	2.118000	1.996647
854	2.124000	2.164209
855	2.130000	2.061783
856	2.136000	2.103845
857	2.142000	1.896746
858	2.148000	2.013483
859	2.154000	2.272797
860	2.160000	1.837224
861	2.166000	2.166909
862	2.172000	2.176952
863	2.178000	2.028435
864	2.184000	1.929845
865	2.190000	1.885837
866	2.196000	2.290926
867	2.202000	2.478850
868	2.208000	2.208358
869	2.214000	1.991024
870	2.220000	1.853448
871	2.226000	1.889517
872	2.232000	2.284789
873	2.238000	1.723993
874	2.244000	2.141311
875	2.250000	1.985788
876	2.256000	2.213968
877	2.262000	2.324248
878	2.268000	2.168149
879	2.274000	1.731815
880	2.280000	1.853218
881	2.286000	2.015262
882	2.292000	1.939424
883	2.298000	1.569451
884	2.304000	2.135412
885	2.310000	1.501013
886	2.316000	1.671398
887	2.322000	1.889020
888	2.328000	1.689790
889	2.334000	1.857971
890	2.340000	2.174515
891	2.346000	1.961513
892	2.352000	1.995943
893	2.358000	2.021658
894	2.364000	1.874819
895	2.370000	1.597900
896	2.376000	1.760874
897	2.382000	1.730611
898	2.388000	1.805425
899	2.394000	1.252116
900	2.400000	1.701191
901	2.406000	1.964656
902	2.412000	1.749573
903	2.418000	1.988343
904	2.424000	1.756649
905	2.430000	1.337351
906	2.436000	1.660541
907	2.442000	1.668486
908	2.448000	2.300279
909	2.454000	1.982587
910	2.460000	1.682619
911	2.466000	1.928536
912	2.472000	1.557526
913	2.478000	1.665602
914	2.484000	2.049803
915	2.490000	1.907421
916	2.496000	1.487075
917	2.502000	1.224787
918	2.508000	1.808689
919	2.514000	1.466876
920	2.520000	1.281876
921	2.526000	1.529440
922	2.532000	1.219857
923	2.538000	1.413797
924	2.544000	1.764741
925	2.550000	1.741859
926	2.556000	1.733463
927	2.562000	1.472017
928	2.568000	1.342848
929	2.574000	1.425575
930	2.580000	1.651408
931	2.586000	1.637501
932	2.592000	1.262335
933	2.598000	1.491446
934	2.604000	1.099733
935	2.610000	1.525298
936	2.616000	1.214326
937	2.622000	1.690805
938	2.628000	1.485565
939	2.634000	1.330766
940	2.640000	1.330742
941	2.646000	1.600508
942	2.652000	1.535146
943	2.658000	1.198433
944	2.664000	1.440903
945	2.670000	1.393428
946	2.676000	1.219861
947	2.682000	1.559091
948	2.688000	1.641066
949	2.694000	1.111090
950	2.700000	1.629198
951	2.706000	1.221097
952	2.712000	1.151307
953	2.718000	1.289433
954	2.724000	1.630052
955	2.730000	1.141965
956	2.736000	1.318699
957	2.742000	1.247623
958	2.748000	1.334050
959	2.754000	1.458490
960	2.760000	1.102301
961	2.766000	0.935979
962	2.772000	1.023148
963	2.778000	1.328321
964	2.784000	1.324126
965	2.790000	1.031722
966	2.796000	0.971111
967	2.802000	1.384371
968	2.808000	0.968326
969	2.814000	1.329547
970	2.820000	0.875190
971	2.826000	1.109731
972	2.832000	0.869607
973	2.838000	0.992228
974	2.844000	0.946883
975	2.850000	0.823199
976	2.856000	0.921623
977	2.862000	0.619355
978	2.868000	0.908645
979	2.874000	0.991008
980	2.880000	1.061650
981	2.886000	0.440958
982	2.892000	0.997128
983	2.898000	0.961720
984	2.904000	0.798393
985	2.910000	1.093797
986	2.916000	0.637535
987	2.922000	0.547593
988	2.928000	0.745747
989	2.934000	0.600067
990	2.940000	0.980509
991	2.946000	0.645381
992	2.952000	0.473099
993	2.958000	0.168290
994	2.964000	0.572274
995	2.970000	0.106761
996	2.976000	0.182706
997	2.982000	0.131034
998	2.988000	0.217359
999	2.994000	0.529929
1000	0.000000	1.103477
1001	0.006000	0.734872
1002	0.012000	0.616139
1003	0.018000	0.771496
1004	0.024000	0.926410
1005	0.030000	0.312709
1006	0.036000	0.572953
1007	0.042000	-0.012951
1008	0.048000	0.581996
1009	0.054000	0.555807
1010	0.060000	0.579851
1011	0.066000	0.395029
1012	0.072000	0.342351
1013	0.078000	0.329427
1014	0.084000	0.015258
1015	0.090000	0.134900
1016	0.096000	0.443499
1017	0.102000	0.403294
1018	0.108000	0.543700
1019	0.114000	0.238631
1020	0.120000	0.041174
1021	0.126000	-0.193792
1022	0.132000	0.161664
1023	0.138000	0.177077
1024	0.144000	0.213698
1025	0.150000	0.335648
1026	0.156000	0.217384
1027	0.162000	-0.054612
1028	0.168000	0.037617
1029	0.174000	-0.090094
1030	0.180000	-0.056212
1031	0.186000	-0.060985
1032	0.192000	-0.297656
1033	0.198000	-0.218024
1034	0.204000	-0.066962
1035	0.210000	0.195199
1036	0.216000	0.068759
1037	0.222000	-0.025505
1038	0.228000	-0.171919
1039	0.234000	-0.241092
1040	0.240000	0.232584
1041	0.246000	0.157934
1042	0.252000	-0.435656
1043	0.258000	-0.142823
1044	0.264000	-0.396602
1045	0.270000	-0.377588
1046	0.276000	-0.881092
1047	0.282000	-0.010612
1048	0.288000	-0.148440
1049	0.294000	0.093606
1050	0.300000	-0.075821
1051	0.306000	-0.378135
1052	0.312000	0.150636
1053	0.318000	-0.040150
1054	0.324000	-0.448051
1055	0.330000	-0.631885
1056	0.336000	-0.061089
1057	0.342000	-0.623094
1058	0.348000	-0.624870
1059	0.354000	-0.400452
1060	0.360000	-0.548054
1061	0.366000	-0.513816
1062	0.372000	-0.507603
1063	0.378000	-0.492056
1064	0.384000	-0.361642
1065	0.390000	-0.430236
1066	0.396000	-0.569954
1067	0.402000	0.059127
1068	0.408000	-0.137957
1069	0.414000	-0.865450
1070	0.420000	-0.610455
1071	0.426000	-0.372881
1072	0.432000	-0.142709
1073	0.438000	-0.557155
1074	0.444000	-0.514762
1075	0.450000	-0.516477
1076	0.456000	-0.556505
1077	0.462000	-0.708361
1078	0.468000	-0.601275
1079	0.474000	-0.610874
1080	0.480000	-0.384252
1081	0.486000	-0.768016
1082	0.492000	-0.595427
1083	0.498000	-0.142382
1084	0.504000	-0.510884
1085	0.510000	-0.704681
1086	0.516000	-1.020521
1087	0.522000	-0.640269
1088	0.528000	-0.787599
1089	0.534000	-0.661406
1090	0.540000	-0.689423
1091	0.546000	-0.340893
1092	0.552000	-1.011071
1093	0.558000	-0.406337
1094	0.564000	-0.973350
1095	0.570000	-0.625696
1096	0.576000	-0.855014
1097	0.582000	-1.061041
1098	0.588000	-0.544959
1099	0.594000	-1.135948
1100	0.600000	-1.162356
1101	0.606000	-1.017896
1102	0.612000	-0.759044
1103	0.618000	-0.881322
1104	0.624000	-1.100185
1105	0.630000	-0.694809
1106	0.636000	-0.779676
1107	0.642000	-1.080072
1108	0.648000	-0.549620
1109	0.654000	-1.468759
1110	0.660000	-0.802996
1111	0.666000	-1.275490
1112	0.672000	-0.846843
1113	0.678000	-1.019923
1114	0.684000	-1.179639
1115	0.690000	-0.960819
1116	0.696000	-0.565688
1117	0.702000	-0.820702
1118	0.708000	-1.280420
1119	0.714000	-1.107051
1120	0.720000	-1.152114
1121	0.726000	-0.989932
1122	0.732000	-1.173236
1123	0.738000	-0.563786
1124	0.744000	-0.874345
1125	0.750000	-0.986412
1126	0.756000	-1.111333
1127	0.762000	-1.175956
1128	0.768000	-0.991374
1129	0.774000	-1.166845
1130	0.780000	-0.944965
1131	0.786000	-1.115808
1132	0.792000	-1.299538
1133	0.798000	-1.037809
1134	0.804000	-0.890109
1135	0.810000	-0.937664
1136	0.816000	-1.525689
1137	0.822000	-1.124253
1138	0.828000	-1.193629
1139	0.834000	-0.797651
1140	0.840000	-1.070588
1141	0.846000	-1.225474
1142	0.852000	-1.045308
1143	0.858000	-0.934002
1144	0.864000	-1.315138
1145	0.870000	-1.220088
1146	0.876000	-1.394251
1147	0.882000	-1.335858
1148	0.888000	-1.046012
1149	0.894000	-1.180726
1150	0.900000	-1.390212
1151	0.906000	-1.259948
1152	0.912000	-1.094480
1153	0.918000	-1.082464
1154	0.924000	-1.134838
1155	0.930000	-1.164224
1156	0.936000	-1.267639
1157	0.942000	-0.934663
1158	0.948000	-1.465295
1159	0.954000	-1.141185
1160	0.960000	-0.928324
1161	0.966000	-1.288593
1162	0.972000	-1.259961
1163	0.978000	-1.149802
1164	0.984000	-1.314930
1165	0.990000	-1.414963
1166	0.996000	-1.661261
1167	1.002000	-1.245687
1168	1.008000	-1.258802
1169	1.014000	-1.022922
1170	1.020000	-1.457977
1171	1.026000	-1.420045
1172	1.032000	-0.822724
1173	1.038000	-1.550981
1174	1.044000	-0.842993
1175	1.050000	-0.863074
1176	1.056000	-0.924087
1177	1.062000	-0.935579
1178	1.068000	-1.189464
1179	1.074000	-1.182793
1180	1.080000	-1.402249
1181	1.086000	-1.420957
1182	1.092000	-1.070479
1183	1.098000	-1.223499
1184	1.104000	-1.267227
1185	1.110000	-1.080297
1186	1.116000	-1.099004
1187	1.122000	-1.296819
1188	1.128000	-1.365237
1189	1.134000	-1.264366
1190	1.140000	-1.196592
1191	1.146000	-1.712109
1192	1.152000	-1.348508
1193	1.158000	-1.408724
1194	1.164000	-1.818173
1195	1.170000	-1.461581
1196	1.176000	-1.323391
1197	1.182000	-1.617460
1198	1.188000	-1.417656
1199	1.194000	-1.683254
1200	1.200000	-1.371071
1201	1.206000	-1.476026
1202	1.212000	-1.577285
1203	1.218000	-1.589283
1204	1.224000	-1.512339
1205	1.230000	-1.148249
1206	1.236000	-1.544351
1207	1.242000	-1.322741
1208	1.248000	-1.329257
1209	1.254000	-1.306768
1210	1.260000	-1.189335
1211	1.266000	-1.131496
1212	1.272000	-1.334539
1213	1.278000	-1.485957
1214	1.284000	-1.147345
1215	1.290000	-1.483519
1216	1.296000	-1.574767
1217	1.302000	-1.702101
1218	1.308000	-1.293846
1219	1.314000	-1.511227
1220	1.320000	-1.307129
1221	1.326000	-1.315990
1222	1.332000	-1.681180
1223	1.338000	-1.519409
1224	1.344000	-1.939575
1225	1.350000	-1.524409
1226	1.356000	-1.451610
1227	1.362000	-1.311439
1228	1.368000	-1.543394
1229	1.374000	-1.541802
1230	1.380000	-1.591367
1231	1.386000	-1.474323
1232	1.392000	-1.608236
1233	1.398000	-1.304103
1234	1.404000	-1.567729
1235	1.410000	-1.695085
1236	1.416000	-1.711114
1237	1.422000	-1.507512
1238	1.428000	-1.615338
1239	1.434000	-1.826702
1240	1.440000	-1.763251
1241	1.446000	-1.797702
1242	1.452000	-1.319606
1243	1.458000	-2.066293
1244	1.464000	-1.445138
1245	1.470000	-1.509609
1246	1.476000	-1.522882
1247	1.482000	-1.651145
1248	1.488000	-1.565698
1249	1.494000	-1.221350
1250	1.500000	-1.816501
1251	1.506000	-1.680506
1252	1.512000	-1.645717
1253	1.518000	-1.881669
1254	1.524000	-1.619940
1255	1.530000	-1.567037
1256	1.536000	-1.283537
1257	1.542000	-1.852123
1258	1.548000	-1.693961
1259	1.554000	-1.397010
1260	1.560000	-1.636195
1261	1.566000	-1.573140
1262	1.572000	-1.615165
1263	1.578000	-1.837485
1264	1.584000	-1.704814
1265	1.590000	-1.808842
1266	1.596000	-1.432262
1267	1.602000	-1.408860
1268	1.608000	-1.538439
1269	1.614000	-1.624320
1270	1.620000	-1.748614
1271	1.626000	-1.779009
1272	1.632000	-1.630435
1273	1.638000	-1.714558
1274	1.644000	-1.796915
1275	1.650000	-1.891186
1276	1.656000	-1.268209
1277	1.662000	-1.475295
1278	1.668000	-1.763456
1279	1.674000	-1.589571
1280	1.680000	-1.740390
1281	1.686000	-1.292023
1282	1.692000	-1.733858
1283	1.698000	-1.946602
1284	1.704000	-1.722468
1285	1.710000	-1.857619
1286	1.716000	-1.946070
1287	1.722000	-1.528972
1288	1.728000	-1.476140
1289	1.734000	-1.762946
1290	1.740000	-1.960470
1291	1.746000	-1.781108
1292	1.752000	-1.986381
1293	1.758000	-1.842924
1294	1.764000	-1.609500
1295	1.770000	-1.848001
1296	1.776000	-1.620126
1297	1.782000	-1.594083
1298	1.788000	-1.647897
1299	1.794000	-1.874238
1300	1.800000	-1.829610
1301	1.806000	-1.934420
1302	1.812000	-1.828622
1303	1.818000	-1.927123
1304	1.824000	-1.965814
1305	1.830000	-1.862314
1306	1.836000	-2.061426
1307	1.842000	-1.597221
1308	1.848000	-1.588232
1309	1.854000	-1.912623
1310	1.860000	-1.619058
1311	1.866000	-1.735627
1312	1.872000	-1.321590
1313	1.878000	-1.726954
1314	1.884000	-1.774833
1315	1.890000	-1.858592
1316	1.896000	-1.750469
1317	1.902000	-2.142658
1318	1.908000	-2.160967
1319	1.914000	-1.842971
1320	1.920000	-1.606747
1321	1.926000	-1.938011
1322	1.932000	-1.739782
1323	1.938000	-1.608132
1324	1.944000	-1.702979
1325	1.950000	-1.657772
1326	1.956000	-1.790744
1327	1.962000	-1.889757
1328	1.968000	-1.658836
1329	1.974000	-2.263439
1330	1.980000	-1.949743
1331	1.986000	-1.940788
1332	1.992000	-1.750873
1333	1.998000	-2.171655
1334	2.004000	-1.721197
1335	2.010000	-1.867742
1336	2.016000	-1.689468
1337	2.022000	-1.846161
1338	2.028000	-2.065416
1339	2.034000	-1.990244
1340	2.040000	-1.685875
1341	2.046000	-1.964112
1342	2.052000	-1.947999
1343	2.058000	-1.956146
1344	2.064000	-1.912400
1345	2.070000	-1.918050
1346	2.076000	-1.979908
1347	2.082000	-2.199684
1348	2.088000	-1.992869
1349	2.094000	-2.084676
1350	2.100000	-1.572795
1351	2.106000	-1.888544
1352	2.112000	-2.073712
1353	2.118000	-1.855265
1354	2.124000	-1.865562
1355	2.130000	-1.860169
1356	2.136000	-1.930499
1357	2.142000	-1.868539
1358	2.148000	-1.607953
1359	2.154000	-1.982099
1360	2.160000	-1.949966
1361	2.166000	-1.895196
1362	2.172000	-1.997697
1363	2.178000	-1.666448
1364	2.184000	-1.519079
1365	2.190000	-2.165054
1366	2.196000	-2.011121
1367	2.202000	-1.648827
1368	2.208000	-1.898608
1369	2.214000	-1.856320
1370	2.220000	-2.138112
1371	2.226000	-1.913996
1372	2.232000	-2.108073
1373	2.238000	-2.118609
1374	2.244000	-2.085608
1375	2.250000	-1.577363
1376	2.256000	-1.751473
1377	2.262000	-1.846133
1378	2.268000	-1.693095
1379	2.274000	-2.066644
1380	2.280000	-1.891958
1381	2.286000	-2.072857
1382	2.292000	-1.810375
1383	2.298000	-1.947017
1384	2.304000	-2.039416
1385	2.310000	-1.824430
1386	2.316000	-1.941469
1387	2.322000	-2.242125
1388	2.328000	-1.611947
1389	2.334000	-1.983967
1390	2.340000	-2.012079
1391	2.346000	-1.995425
1392	2.352000	-1.675773
1393	2.358000	-1.954659
1394	2.364000	-1.853667
1395	2.370000	-2.050453
1396	2.376000	-2.275680
1397	2.382000	-1.994661
1398	2.388000	-1.738868
1399	2.394000	-2.025139
1400	2.400000	-1.892106
1401	2.406000	-1.744682
1402	2.412000	-2.141413
1403	2.418000	-2.204475
1404	2.424000	-2.160718
1405	2.430000	-2.079771
1406	2.436000	-1.786322
1407	2.442000	-1.861540
1408	2.448000	-2.044823
1409	2.454000	-1.970640
1410	2.460000	-2.146583
1411	2.466000	-1.852098
1412	2.472000	-1.825824
1413	2.478000	-1.977766
1414	2.484000	-2.039048
1415	2.490000	-2.141967
1416	2.496000	-2.100745
1417	2.502000	-2.186768
1418	2.508000	-2.019833
1419	2.514000	-1.872907
1420	2.520000	-2.245238
1421	2.526000	-2.090516
1422	2.532000	-1.825564
1423	2.538000	-2.441554
1424	2.544000	-1.784512
1425	2.550000	-2.140743
1426	2.556000	-1.567605
1427	2.562000	-1.988101
1428	2.568000	-1.935229
1429	2.574000	-2.049479
1430	2.580000	-2.329114
1431	2.586000	-1.890269
1432	2.592000	-1.798436
1433	2.598000	-2.254210
1434	2.604000	-1.643350
1435	2.610000	-1.906988
1436	2.616000	-1.837135
1437	2.622000	-1.829982
1438	2.628000	-1.932411
1439	2.634000	-1.941669
1440	2.640000	-2.272385
1441	2.646000	-2.044716
1442	2.652000	-2.192693
1443	2.658000	-1.888810
1444	2.664000	-2.170058
1445	2.670000	-2.187199
1446	2.676000	-2.001866
1447	2.682000	-1.928398
1448	2.688000	-1.902979
1449	2.694000	-1.916405
1450	2.700000	-1.650001
1451	2.706000	-1.833840
1452	2.712000	-1.977402
1453	2.718000	-2.606788
1454	2.724000	-1.987217
1455	2.730000	-1.981808
1456	2.736000	-2.077225
1457	2.742000	-1.671015
1458	2.748000	-1.852517
1459	2.754000	-2.041560
1460	2.760000	-2.042130
1461	2.766000	-2.576082
1462	2.772000	-1.875444
1463	2.778000	-2.230167
1464	2.784000	-1.968558
1465	2.790000	-1.749526
1466	2.796000	-2.266462
1467	2.802000	-1.940581
1468	2.808000	-1.853912
1469	2.814000	-2.053962
1470	2.820000	-1.955399
1471	2.826000	-1.650649
1472	2.832000	-2.305661
1473	2.838000	-2.092034
1474	2.844000	-1.781761
1475	2.850000	-1.983023
1476	2.856000	-2.312468
1477	2.862000	-1.984324
1478	2.868000	-2.195519
1479	2.874000	-2.154437
1480	2.880000	-2.150502
1481	2.886000	-2.069087
1482	2.892000	-1.670921
1483	2.898000	-1.538854
1484	2.904000	-2.123398
1485	2.910000	-1.955808
1486	2.916000	-1.859000
1487	2.922000	-1.925125
1488	2.928000	-2.085542
1489	2.934000	-1.842511
1490	2.940000	-1.802410
1491	2.946000	-2.365384
1492	2.952000	-2.210429
1493	2.958000	-2.037817
1494	2.964000	-1.866359
1495	2.970000	-2.076605
1496	2.976000	-2.023328
1497	2.982000	-2.466120
1498	2.988000	-2.076063
1499	2.994000	-1.885398
1500	3.000000	-1.996833
1501	3.006000	-2.028743
1502	3.012000	-1.422070
1503	3.018000	-1.980201
1504	3.024000	-1.950510
1505	3.030000	-2.183542
1506	3.036000	-2.294779
1507	3.042000	-2.050475
1508	3.048000	-1.583058
1509	3.054000	-2.191631
1510	3.060000	-2.089338
1511	3.066000	-2.138946
1512	3.072000	-1.950182
1513	3.078000	-2.154916
1514	3.084000	-1.912931
1515	3.090000	-2.312364
1516	3.096000	-2.008455
1517	3.102000	-1.929064
1518	3.108000	-1.851373
1519	3.114000	-2.315207
1520	3.120000	-1.944397
1521	3.126000	-2.056764
1522	3.132000	-2.266645
1523	3.138000	-2.170054
1524	3.144000	-1.932152
1525	3.150000	-2.074626
1526	3.156000	-2.180859
1527	3.162000	-1.733415
1528	3.168000	-1.874930
1529	3.174000	-2.365354
1530	3.180000	-1.836209
1531	3.186000	-2.115448
1532	3.192000	-1.922867
1533	3.198000	-1.760848
1534	3.204000	-2.333014
1535	3.210000	-1.645819
1536	3.216000	-2.068458
1537	3.222000	-2.236317
1538	3.228000	-1.897003
1539	3.234000	-2.042116
1540	3.240000	-1.944428
1541	3.246000	-2.213687
1542	3.252000	-1.484830
1543	3.258000	-2.537372
1544	3.264000	-1.772096
1545	3.270000	-2.055678
1546	3.276000	-2.384748
1547	3.282000	-2.056474
1548	3.288000	-1.788565
1549	3.294000	-2.042554
1550	3.300000	-1.933906
1551	3.306000	-1.782725
1552	3.312000	-2.136742
1553	3.318000	-2.053303
1554	3.324000	-1.738184
1555	3.330000	-1.802698
1556	3.336000	-2.275249
1557	3.342000	-1.782764
1558	3.348000	-1.710658
1559	3.354000	-1.974019
1560	3.360000	-2.207301
1561	3.366000	-1.601445
1562	3.372000	-2.055517
1563	3.378000	-2.166086
1564	3.384000	-1.836839
1565	3.390000	-1.707317
1566	3.396000	-2.002028
1567	3.402000	-2.206689
1568	3.408000	-2.043306
1569	3.414000	-1.973140
1570	3.420000	-2.204274
1571	3.426000	-1.874376
1572	3.432000	-1.833969
1573	3.438000	-2.275727
1574	3.444000	-2.231867
1575	3.450000	-1.761152
1576	3.456000	-2.045589
1577	3.462000	-1.996631
1578	3.468000	-1.918504
1579	3.474000	-1.800221
1580	3.480000	-2.071294
1581	3.486000	-1.763985
1582	3.492000	-2.182258
1583	3.498000	-2.150745
1584	3.504000	-1.780434
1585	3.510000	-2.115358
1586	3.516000	-2.358032
1587	3.522000	-2.012438
1588	3.528000	-1.702951
1589	3.534000	-1.220390
1590	3.540000	-2.218690
1591	3.546000	-1.722498
1592	3.552000	-1.811659
1593	3.558000	-1.772970
1594	3.564000	-2.023812
1595	3.570000	-1.707033
1596	3.576000	-2.055653
1597	3.582000	-1.957212
1598	3.588000	-1.985274
1599	3.594000	-2.080944
1600	3.600000	-1.906706
1601	3.606000	-1.780334
1602	3.612000	-1.928915
1603	3.618000	-2.209497
1604	3.624000	-2.113272
1605	3.630000	-1.975236
1606	3.636000	-1.780021
1607	3.642000	-1.760479
1608	3.648000	-1.940533
1609	3.654000	-1.710311
1610	3.660000	-2.040976
1611	3.666000	-1.816655
1612	3.672000	-2.181657
1613	3.678000	-1.892133
1614	3.684000	-1.582912
1615	3.690000	-1.773633
1616	3.696000	-1.858432
1617	3.702000	-1.844874
1618	3.708000	-2.172987
1619	3.714000	-2.105637
1620	3.720000	-1.810260
1621	3.726000	-2.187538
1622	3.732000	-1.764740
1623	3.738000	-1.780696
1624	3.744000	-1.918527
1625	3.750000	-1.782480
1626	3.756000	-1.971987
1627	3.762000	-1.697702
1628	3.768000	-2.052796
1629	3.774000	-2.099306
1630	3.780000	-1.765996
1631	3.786000	-2.051938
1632	3.792000	-2.212376
1633	3.798000	-1.419785
1634	3.804000	-1.802030
1635	3.810000	-1.787382
1636	3.816000	-1.881037
1637	3.822000	-2.124343
1638	3.828000	-1.783187
1639	3.834000	-2.056641
1640	3.840000	-1.760971
1641	3.846000	-2.248538
1642	3.852000	-2.087658
1643	3.858000	-1.874999
1644	3.864000	-1.950962
1645	3.870000	-2.275743
1646	3.876000	-1.878956
1647	3.882000	-1.790420
1648	3.888000	-2.184880
1649	3.894000	-1.837667
1650	3.900000	-1.697111
1651	3.906000	-1.971719
1652	3.912000	-1.969039
1653	3.918000	-1.807797
1654	3.924000	-1.681279
1655	3.930000	-1.998373
1656	3.936000	-1.956159
1657	3.942000	-1.956821
1658	3.948000	-1.960863
1659	3.954000	-1.693701
1660	3.960000	-1.979008
1661	3.966000	-1.652249
1662	3.972000	-1.952063
1663	3.978000	-1.868351
1664	3.984000	-1.758809
1665	3.990000	-1.783500
1666	3.996000	-2.118736
1667	4.002000	-2.122065
1668	4.008000	-1.785826
1669	4.014000	-1.597757
1670	4.020000	-1.757905
1671	4.026000	-1.466650
1672	4.032000	-2.052643
1673	4.038000	-2.062453
1674	4.044000	-1.836933
1675	4.050000	-2.085255
1676	4.056000	-1.862634
1677	4.062000	-1.938453
1678	4.068000	-2.116332
1679	4.074000	-1.675280
1680	4.080000	-1.843326
1681	4.086000	-2.018161
1682	4.092000	-1.960285
1683	4.098000	-1.757692
1684	4.104000	-1.956874
1685	4.110000	-1.621109
1686	4.116000	-1.729240
1687	4.122000	-1.984180
1688	4.128000	-1.221476
1689	4.134000	-1.522276
1690	4.140000	-1.396861
1691	4.146000	-1.649612
1692	4.152000	-1.623631
1693	4.158000	-1.740139
1694	4.164000	-1.913327
1695	4.170000	-1.585002
1696	4.176000	-1.650580
1697	4.182000	-2.262170
1698	4.188000	-2.116412
1699	4.194000	-1.898696
1700	4.200000	-1.390727
1701	4.206000	-1.840616
1702	4.212000	-1.899131
1703	4.218000	-1.549938
1704	4.224000	-1.863949
1705	4.230000	-1.548601
1706	4.236000	-1.784534
1707	4.242000	-1.477540
1708	4.248000	-1.657569
1709	4.254000	-1.763386
1710	4.260000	-1.928063
1711	4.266000	-2.069824
1712	4.272000	-1.742408
1713	4.278000	-1.705922
1714	4.284000	-1.776763
1715	4.290000	-1.689941
1716	4.296000	-1.619327
1717	4.302000	-1.744106
1718	4.308000	-1.721150
1719	4.314000	-1.552981
1720	4.320000	-1.486090
1721	4.326000	-1.530003
1722	4.332000	-1.831206
1723	4.338000	-1.788404
1724	4.344000	-1.685764
1725	4.350000	-1.558115
1726	4.356000	-1.627110
1727	4.362000	-1.529605
1728	4.368000	-1.625486
1729	4.374000	-1.659526
1730	4.380000	-1.561592
1731	4.386000	-1.302987
1732	4.392000	-1.512684
1733	4.398000	-1.582232
1734	4.404000	-1.687366
1735	4.410000	-1.966357
1736	4.416000	-1.700359
1737	4.422000	-1.759112
1738	4.428000	-1.970955
1739	4.434000	-1.628212
1740	4.440000	-1.526239
1741	4.446000	-1.559118
1742	4.452000	-1.565335
1743	4.458000	-1.479309
1744	4.464000	-1.852519
1745	4.470000	-1.541741
1746	4.476000	-1.804548
1747	4.482000	-1.780963
1748	4.488000	-1.583256
1749	4.494000	-1.452713
1750	4.500000	-1.497799
1751	4.506000	-1.347600
1752	4.512000	-1.801441
1753	4.518000	-1.494530
1754	4.524000	-1.491746
1755	4.530000	-1.587783
1756	4.536000	-1.371529
1757	4.542000	-1.575140
1758	4.548000	-1.574932
1759	4.554000	-1.799977
1760	4.560000	-1.646937
1761	4.566000	-1.522969
1762	4.572000	-1.484924
1763	4.578000	-1.678529
1764	4.584000	-1.459992
1765	4.590000	-1.676538
1766	4.596000	-1.586903
1767	4.602000	-1.433813
1768	4.608000	-1.418650
1769	4.614000	-1.663514
1770	4.620000	-1.480414
1771	4.626000	-1.561833
1772	4.632000	-1.913442
1773	4.638000	-1.366186
1774	4.644000	-1.622667
1775	4.650000	-1.660343
1776	4.656000	-1.218048
1777	4.662000	-1.616068
1778	4.668000	-1.100034
1779	4.674000	-1.348641
1780	4.680000	-1.569930
1781	4.686000	-1.695541
1782	4.692000	-1.418785
1783	4.698000	-1.229973
1784	4.704000	-1.872517
1785	4.710000	-1.657834
1786	4.716000	-1.387655
1787	4.722000	-1.677267
1788	4.728000	-1.401865
1789	4.734000	-1.527874
1790	4.740000	-0.802230
1791	4.746000	-1.546822
1792	4.752000	-1.569341
1793	4.758000	-1.237295
1794	4.764000	-1.055425
1795	4.770000	-1.374418
1796	4.776000	-1.416323
1797	4.782000	-1.245928
1798	4.788000	-1.373086
1799	4.794000	-1.430850
1800	4.800000	-1.153418
1801	4.806000	-1.533644
1802	4.812000	-1.071146
1803	4.818000	-1.485759
1804	4.824000	-1.243427
1805	4.830000	-1.557590
1806	4.836000	-1.211099
1807	4.842000	-1.700170
1808	4.848000	-1.469950
1809	4.854000	-1.543891
1810	4.860000	-1.579335
1811	4.866000	-1.683118
1812	4.872000	-1.065549
1813	4.878000	-1.282762
1814	4.884000	-1.232388
1815	4.890000	-1.518606
1816	4.896000	-0.882822
1817	4.902000	-1.241440
1818	4.908000	-1.451231
1819	4.914000	-1.201104
1820	4.920000	-1.273354
1821	4.926000	-1.576565
1822	4.932000	-1.852244
1823	4.938000	-1.520097
1824	4.944000	-1.209982
1825	4.950000	-1.113187
1826	4.956000	-1.519990
1827	4.962000	-1.295273
1828	4.968000	-1.472983
1829	4.974000	-1.155154
1830	4.980000	-1.081366
1831	4.986000	-0.944106
1832	4.992000	-1.307376
1833	4.998000	-1.097402
1834	5.004000	-1.385385
1835	5.010000	-1.488945
1836	5.016000	-1.406613
1837	5.022000	-2.094487
1838	5.028000	-1.424580
1839	5.034000	-1.108895
1840	5.040000	-1.235053
1841	5.046000	-1.011554
1842	5.052000	-1.162297
1843	5.058000	-1.010588
1844	5.064000	-1.021207
1845	5.070000	-1.360888
1846	5.076000	-1.367520
1847	5.082000	-1.132034
1848	5.088000	-1.147754
1849	5.094000	-1.385085
1850	5.100000	-0.908913
1851	5.106000	-1.519228
1852	5.112000	-1.109639
1853	5.118000	-1.171158
1854	5.124000	-1.292575
1855	5.130000	-1.040990
1856	5.136000	-1.109387
1857	5.142000	-0.942604
1858	5.148000	-1.118965
1859	5.154000	-1.136698
1860	5.160000	-0.852425
1861	5.166000	-1.064154
1862	5.172000	-0.786559
1863	5.178000	-1.466506
1864	5.184000	-1.117154
1865	5.190000	-0.932396
1866	5.196000	-0.993650
1867	5.202000	-0.914598
1868	5.208000	-0.943077
1869	5.214000	-1.013730
1870	5.220000	-1.100851
1871	5.226000	-1.225682
1872	5.232000	-1.242918
1873	5.238000	-1.238604
1874	5.244000	-0.941504
1875	5.250000	-0.922085
1876	5.256000	-1.230979
1877	5.262000	-1.501976
1878	5.268000	-1.002377
1879	5.274000	-0.966284
1880	5.280000	-0.976479
1881	5.286000	-1.292072
1882	5.292000	-0.966493
1883	5.298000	-0.858459
1884	5.304000	-1.126155
1885	5.310000	-1.104204
1886	5.316000	-0.909860
1887	5.322000	-0.945609
1888	5.328000	-1.131131
1889	5.334000	-0.980735
1890	5.340000	-0.771470
1891	5.346000	-0.737053
1892	5.352000	-0.913391
1893	5.358000	-0.722836
1894	5.364000	-0.996012
1895	5.370000	-0.811346
1896	5.376000	-0.752485
1897	5.382000	-1.178544
1898	5.388000	-0.620657
1899	5.394000	-0.715626
1900	5.400000	-0.968857
1901	5.406000	-0.865217
1902	5.412000	-1.157110
1903	5.418000	-0.547917
1904	5.424000	-1.039582
1905	5.430000	-0.508617
1906	5.436000	-0.757561
1907	5.442000	-0.519811
1908	5.448000	-0.763835
1909	5.454000	-0.744395
1910	5.460000	-0.664499
1911	5.466000	-0.961172
1912	5.472000	-0.812160
1913	5.478000	-0.849430
1914	5.484000	-0.750311
1915	5.490000	-0.531950
1916	5.496000	-0.650847
1917	5.502000	-0.455521
1918	5.508000	-0.389709
1919	5.514000	-0.625271
1920	5.520000	-0.601347
1921	5.526000	-0.373523
1922	5.532000	-0.173304
1923	5.538000	-0.737526
1924	5.544000	-0.459558
1925	5.550000	-0.731153
1926	5.556000	-0.540330
1927	5.562000	-0.568947
1928	5.568000	-0.460298
1929	5.574000	-0.602053
1930	5.580000	-0.310957
1931	5.586000	-0.484026
1932	5.592000	-0.648554
1933	5.598000	-0.524524
1934	5.604000	-0.379841
1935	5.610000	-0.461928
1936	5.616000	-0.559309
1937	5.622000	-0.443504
1938	5.628000	-0.427155
1939	5.634000	-0.187194
1940	5.640000	-0.359479
1941	5.646000	-0.648124
1942	5.652000	-0.290432
1943	5.658000	-0.654478
1944	5.664000	-0.208335
1945	5.670000	-0.381423
1946	5.676000	-0.441497
1947	5.682000	-0.337785
1948	5.688000	-0.250108
1949	5.694000	-0.375603
1950	5.700000	-0.598480
1951	5.706000	-0.330272
1952	5.712000	-0.476689
1953	5.718000	-0.693228
1954	5.724000	0.114789
1955	5.730000	-0.000202
1956	5.736000	-0.217142
1957	5.742000	-0.485243
1958	5.748000	-0.511280
1959	5.754000	0.017151
1960	5.760000	-0.221644
1961	5.766000	-0.195774
1962	5.772000	0.111823
1963	5.778000	-0.131693
1964	5.784000	0.226463
1965	5.790000	0.243691
1966	5.796000	-0.103453
1967	5.802000	0.041273
1968	5.808000	-0.309556
1969	5.814000	0.001433
1970	5.820000	0.139632
1971	5.826000	0.199718
1972	5.832000	0.414275
1973	5.838000	0.228616
1974	5.844000	-0.061881
1975	5.850000	-0.109784
1976	5.856000	-0.159450
1977	5.862000	0.129451
1978	5.868000	0.397549
1979	5.874000	0.061207
1980	5.880000	0.158544
1981	5.886000	0.420434
1982	5.892000	0.035355
1983	5.898000	0.072382
1984	5.904000	0.503565
1985	5.910000	0.210894
1986	5.916000	0.220697
1987	5.922000	0.103762
1988	5.928000	0.468729
1989	5.934000	0.385560
1990	5.940000	0.387216
1991	5.946000	0.604579
1992	5.952000	0.399158
1993	5.958000	0.611523
1994	5.964000	0.753678
1995	5.970000	0.659973
1996	5.976000	0.873644
1997	5.982000	0.514293
1998	5.988000	0.789616
1999	5.994000	0.781951
